8.000000000000000000e+02 7.275999999999999289e-12 -1.304699999999999971e+00
8.020000000000000000e+02 3.865400000000000069e-12 -7.125000000000000000e+00
8.040000000000000000e+02 2.046399999999999843e-12 0.000000000000000000e+00
8.060000000000000000e+02 1.818999999999999822e-12 -1.403899999999999970e+01
8.080000000000000000e+02 9.094999999999999111e-13 9.461000000000000298e+00
8.100000000000000000e+02 1.136899999999999932e-12 -7.125000000000000000e+00
8.120000000000000000e+02 1.136899999999999932e-12 -1.403899999999999970e+01
8.140000000000000000e+02 1.591600000000000004e-12 5.711000000000000298e+00
8.160000000000000000e+02 1.818999999999999822e-12 0.000000000000000000e+00
8.180000000000000000e+02 2.273799999999999863e-12 0.000000000000000000e+00
8.200000000000000000e+02 2.955899999999999956e-12 -8.976599999999999469e+00
8.220000000000000000e+02 3.637999999999999645e-12 -7.437500000000000000e+00
8.240000000000000000e+02 4.320099999999999737e-12 4.234399999999999942e+00
8.260000000000000000e+02 4.774899999999999778e-12 0.000000000000000000e+00
8.280000000000000000e+02 4.320099999999999737e-12 2.195300000000000029e+00
8.300000000000000000e+02 4.774899999999999778e-12 1.968800000000000106e+00
8.320000000000000000e+02 4.774899999999999778e-12 0.000000000000000000e+00
8.340000000000000000e+02 5.229600000000000254e-12 3.570300000000000029e+00
8.360000000000000000e+02 5.002199999999999829e-12 1.843800000000000106e+00
8.380000000000000000e+02 5.456999999999999871e-12 -5.203199999999999825e+00
8.400000000000000000e+02 5.229600000000000254e-12 -1.789099999999999913e+00
8.420000000000000000e+02 5.684400000000000295e-12 -1.640600000000000058e+00
8.440000000000000000e+02 5.456999999999999871e-12 -3.367199999999999971e+00
8.460000000000000000e+02 5.684400000000000295e-12 -4.906299999999999883e+00
8.480000000000000000e+02 5.456999999999999871e-12 -1.734399999999999942e+00
8.500000000000000000e+02 5.229600000000000254e-12 0.000000000000000000e+00
8.520000000000000000e+02 5.911700000000000346e-12 -3.187500000000000000e+00
8.540000000000000000e+02 5.911700000000000346e-12 -3.187500000000000000e+00
8.560000000000000000e+02 5.229600000000000254e-12 -1.789099999999999913e+00
8.580000000000000000e+02 5.456999999999999871e-12 -5.203199999999999825e+00
8.600000000000000000e+02 4.774899999999999778e-12 -3.820300000000000029e+00
8.620000000000000000e+02 4.774899999999999778e-12 -3.820300000000000029e+00
8.640000000000000000e+02 5.002199999999999829e-12 1.843800000000000106e+00
8.660000000000000000e+02 4.547500000000000161e-12 -4.086000000000000298e+00
8.680000000000000000e+02 4.320099999999999737e-12 0.000000000000000000e+00
8.700000000000000000e+02 4.774899999999999778e-12 5.898500000000000298e+00
8.720000000000000000e+02 4.774899999999999778e-12 7.593799999999999883e+00
8.740000000000000000e+02 4.547500000000000161e-12 2.039099999999999913e+00
8.760000000000000000e+02 4.320099999999999737e-12 -2.203100000000000058e+00
8.780000000000000000e+02 4.774899999999999778e-12 1.968800000000000106e+00
8.800000000000000000e+02 4.774899999999999778e-12 0.000000000000000000e+00
8.820000000000000000e+02 4.774899999999999778e-12 1.906300000000000106e+00
8.840000000000000000e+02 4.092700000000000120e-12 0.000000000000000000e+00
8.860000000000000000e+02 4.774899999999999778e-12 -1.914099999999999913e+00
8.880000000000000000e+02 4.320099999999999737e-12 -6.343799999999999883e+00
8.900000000000000000e+02 4.774899999999999778e-12 -1.914099999999999913e+00
8.920000000000000000e+02 4.547500000000000161e-12 -4.086000000000000298e+00
8.940000000000000000e+02 5.456999999999999871e-12 -1.687500000000000000e+00
8.960000000000000000e+02 6.366500000000000388e-12 -2.937500000000000000e+00
8.980000000000000000e+02 7.958099999999999381e-12 -1.195300000000000029e+00
9.000000000000000000e+02 9.777100000000000415e-12 0.000000000000000000e+00
9.020000000000000000e+02 1.341499999999999969e-11 7.031300000000000328e-01
9.040000000000000000e+02 1.841699999999999958e-11 -5.234400000000000164e-01
9.060000000000000000e+02 2.546600000000000155e-11 -7.500000000000000000e-01
9.080000000000000000e+02 3.592500000000000131e-11 2.578099999999999836e-01
9.100000000000000000e+02 5.002200000000000314e-11 5.625000000000000000e-01
9.120000000000000000e+02 6.980400000000000266e-11 0.000000000000000000e+00
9.140000000000000000e+02 9.504300000000000205e-11 1.015599999999999975e-01
9.160000000000000000e+02 1.277799999999999972e-10 3.671900000000000164e-01
9.180000000000000000e+02 1.696200000000000047e-10 4.687500000000000000e-02
9.200000000000000000e+02 2.196400000000000036e-10 7.812600000000000100e-02
9.220000000000000000e+02 2.801299999999999932e-10 0.000000000000000000e+00
9.240000000000000000e+02 3.494699999999999833e-10 -1.093800000000000050e-01
9.260000000000000000e+02 4.276899999999999986e-10 -3.437500000000000000e-01
9.280000000000000000e+02 5.093199999999999535e-10 -4.140599999999999836e-01
9.300000000000000000e+02 5.941299999999999946e-10 -5.312500000000000000e-01
9.320000000000000000e+02 6.757599999999999495e-10 -6.093800000000000328e-01
9.340000000000000000e+02 7.485200000000000167e-10 -5.937500000000000000e-01
9.360000000000000000e+02 8.105899999999999895e-10 -7.265700000000000491e-01
9.380000000000000000e+02 8.544700000000000489e-10 -7.968800000000000328e-01
9.400000000000000000e+02 8.835799999999999618e-10 -8.046900000000000164e-01
9.420000000000000000e+02 8.879000000000000048e-10 -8.437500000000000000e-01
9.440000000000000000e+02 8.692499999999999710e-10 -8.281300000000000328e-01
9.460000000000000000e+02 8.378800000000000059e-10 -8.359400000000000164e-01
9.480000000000000000e+02 7.862600000000000332e-10 -8.437500000000000000e-01
9.500000000000000000e+02 7.264599999999999915e-10 -8.828200000000000491e-01
9.520000000000000000e+02 6.552900000000000191e-10 -8.593800000000000328e-01
9.540000000000000000e+02 5.825299999999999519e-10 -9.218800000000000328e-01
9.560000000000000000e+02 5.122800000000000136e-10 -9.531300000000000328e-01
9.580000000000000000e+02 4.408799999999999809e-10 -9.140700000000000491e-01
9.600000000000000000e+02 3.767599999999999997e-10 -8.671900000000000164e-01
9.620000000000000000e+02 3.196900000000000096e-10 -7.812500000000000000e-01
9.640000000000000000e+02 2.687600000000000108e-10 -7.812500000000000000e-01
9.660000000000000000e+02 2.251000000000000033e-10 -6.796900000000000164e-01
9.680000000000000000e+02 1.900800000000000043e-10 -4.062500000000000000e-01
9.700000000000000000e+02 1.598499999999999960e-10 -4.218799999999999772e-01
9.720000000000000000e+02 1.350599999999999968e-10 -4.296900000000000164e-01
9.740000000000000000e+02 1.152800000000000015e-10 -3.359400000000000164e-01
9.760000000000000000e+02 9.913500000000000198e-11 -2.890599999999999836e-01
9.780000000000000000e+02 8.594799999999999365e-11 -4.453099999999999836e-01
9.800000000000000000e+02 7.548899999999999388e-11 -6.328200000000000491e-01
9.820000000000000000e+02 6.662099999999999411e-11 -4.375000000000000000e-01
9.840000000000000000e+02 6.048199999999999856e-11 -4.765599999999999836e-01
9.860000000000000000e+02 5.434200000000000089e-11 0.000000000000000000e+00
9.880000000000000000e+02 4.956799999999999882e-11 -1.953100000000000114e-01
9.900000000000000000e+02 4.661199999999999889e-11 2.031300000000000050e-01
9.920000000000000000e+02 4.320099999999999899e-11 0.000000000000000000e+00
9.940000000000000000e+02 4.115499999999999902e-11 -9.375000000000000000e-01
9.960000000000000000e+02 3.819899999999999909e-11 -2.500000000000000000e-01
9.980000000000000000e+02 3.638000000000000129e-11 -2.656299999999999772e-01
1.000000000000000000e+03 3.547000000000000133e-11 -8.125000000000000000e-01
1.002000000000000000e+03 3.365199999999999918e-11 -1.414099999999999913e+00
1.004000000000000000e+03 3.228699999999999924e-11 -1.476599999999999913e+00
1.006000000000000000e+03 3.160499999999999710e-11 -1.203100000000000058e+00
1.008000000000000000e+03 3.046800000000000144e-11 -1.867199999999999971e+00
1.010000000000000000e+03 2.933099999999999932e-11 -6.484400000000000164e-01
1.012000000000000000e+03 2.819400000000000043e-11 -3.437500000000000000e-01
1.014000000000000000e+03 2.728499999999999935e-11 -1.750000000000000000e+00
1.016000000000000000e+03 2.682999999999999937e-11 -1.070300000000000029e+00
1.018000000000000000e+03 2.592100000000000153e-11 -3.671900000000000164e-01
1.020000000000000000e+03 2.478399999999999941e-11 -1.148400000000000087e+00
1.022000000000000000e+03 2.410200000000000050e-11 -1.195300000000000029e+00
1.024000000000000000e+03 2.319200000000000054e-11 -1.234399999999999942e+00
1.026000000000000000e+03 2.228299999999999946e-11 -4.296900000000000164e-01
1.028000000000000000e+03 2.182799999999999948e-11 -4.375000000000000000e-01
1.030000000000000000e+03 2.114600000000000057e-11 -1.812500000000000000e+00
1.032000000000000000e+03 1.978199999999999952e-11 -9.609400000000000164e-01
1.034000000000000000e+03 1.955399999999999847e-11 -1.945300000000000029e+00
1.036000000000000000e+03 1.864500000000000063e-11 -5.078200000000000491e-01
1.038000000000000000e+03 1.796299999999999848e-11 -5.312500000000000000e-01
1.040000000000000000e+03 1.728000000000000069e-11 0.000000000000000000e+00
1.042000000000000000e+03 1.728000000000000069e-11 0.000000000000000000e+00
1.044000000000000000e+03 1.682599999999999959e-11 -2.812500000000000000e+00
1.046000000000000000e+03 1.614400000000000068e-11 -2.953100000000000058e+00
1.048000000000000000e+03 1.546199999999999854e-11 -3.054699999999999971e+00
1.050000000000000000e+03 3.433400000000000133e-11 -2.812500000000000000e-01
1.052000000000000000e+03 3.979100000000000120e-11 1.671899999999999942e+00
1.054000000000000000e+03 4.297399999999999682e-11 6.640700000000000491e-01
1.056000000000000000e+03 6.798499999999999839e-11 2.812500000000000000e-01
1.058000000000000000e+03 8.367400000000000232e-11 -2.343800000000000050e-01
1.060000000000000000e+03 7.753499999999999385e-11 -2.500000000000000000e-01
