8.000000000000000000e+02 9.094999999999999111e-13 0.000000000000000000e+00
8.020000000000000000e+02 4.547499999999999556e-13 -4.500000000000000000e+01
8.040000000000000000e+02 6.821200000000000258e-13 0.000000000000000000e+00
8.060000000000000000e+02 2.273699999999999945e-13 6.342999999999999972e+01
8.080000000000000000e+02 2.273699999999999945e-13 0.000000000000000000e+00
8.100000000000000000e+02 2.273699999999999945e-13 -2.656299999999999883e+01
8.120000000000000000e+02 2.273699999999999945e-13 -6.343800000000000239e+01
8.140000000000000000e+02 2.273699999999999945e-13 1.165600000000000023e+02
8.160000000000000000e+02 2.273699999999999945e-13 8.999299999999999500e+01
8.180000000000000000e+02 2.273699999999999945e-13 8.999299999999999500e+01
8.200000000000000000e+02 2.273699999999999945e-13 0.000000000000000000e+00
8.220000000000000000e+02 4.547499999999999556e-13 1.403100000000000058e+01
8.240000000000000000e+02 0.000000000000000000e+00 8.999299999999999500e+01
8.260000000000000000e+02 0.000000000000000000e+00 -4.500000000000000000e+01
8.280000000000000000e+02 4.547499999999999556e-13 -1.843799999999999883e+01
8.300000000000000000e+02 2.273699999999999945e-13 -9.000100000000000477e+01
8.320000000000000000e+02 2.273699999999999945e-13 2.655499999999999972e+01
8.340000000000000000e+02 4.547499999999999556e-13 7.156300000000000239e+01
8.360000000000000000e+02 4.547499999999999556e-13 7.156300000000000239e+01
8.380000000000000000e+02 2.273699999999999945e-13 0.000000000000000000e+00
8.400000000000000000e+02 4.547499999999999556e-13 7.156300000000000239e+01
8.420000000000000000e+02 4.547499999999999556e-13 1.349900000000000091e+02
8.440000000000000000e+02 2.273699999999999945e-13 1.534300000000000068e+02
8.460000000000000000e+02 0.000000000000000000e+00 -9.000100000000000477e+01
8.480000000000000000e+02 2.273699999999999945e-13 0.000000000000000000e+00
8.500000000000000000e+02 2.273699999999999945e-13 6.342999999999999972e+01
8.520000000000000000e+02 4.547499999999999556e-13 4.499199999999999733e+01
8.540000000000000000e+02 0.000000000000000000e+00 1.349900000000000091e+02
8.560000000000000000e+02 0.000000000000000000e+00 8.999299999999999500e+01
8.580000000000000000e+02 2.273699999999999945e-13 -6.343800000000000239e+01
8.600000000000000000e+02 0.000000000000000000e+00 -9.000100000000000477e+01
8.620000000000000000e+02 2.273699999999999945e-13 -2.656299999999999883e+01
8.640000000000000000e+02 0.000000000000000000e+00 -4.500000000000000000e+01
8.660000000000000000e+02 2.273699999999999945e-13 8.999299999999999500e+01
8.680000000000000000e+02 2.273699999999999945e-13 8.999299999999999500e+01
8.700000000000000000e+02 4.547499999999999556e-13 1.084200000000000017e+02
8.720000000000000000e+02 0.000000000000000000e+00 1.799900000000000091e+02
8.740000000000000000e+02 0.000000000000000000e+00 8.999299999999999500e+01
8.760000000000000000e+02 0.000000000000000000e+00 -9.000100000000000477e+01
8.780000000000000000e+02 0.000000000000000000e+00 8.999299999999999500e+01
8.800000000000000000e+02 2.273699999999999945e-13 2.655499999999999972e+01
8.820000000000000000e+02 6.821200000000000258e-13 0.000000000000000000e+00
8.840000000000000000e+02 4.547499999999999556e-13 -4.500000000000000000e+01
8.860000000000000000e+02 2.273699999999999945e-13 0.000000000000000000e+00
8.880000000000000000e+02 4.547499999999999556e-13 -1.403899999999999970e+01
8.900000000000000000e+02 4.547499999999999556e-13 -1.403899999999999970e+01
8.920000000000000000e+02 4.547499999999999556e-13 -1.843799999999999883e+01
8.940000000000000000e+02 4.547499999999999556e-13 0.000000000000000000e+00
8.960000000000000000e+02 4.547499999999999556e-13 1.842999999999999972e+01
8.980000000000000000e+02 1.136899999999999932e-12 8.125099999999999767e+00
9.000000000000000000e+02 1.136899999999999932e-12 -7.125000000000000000e+00
9.020000000000000000e+02 1.136899999999999932e-12 0.000000000000000000e+00
9.040000000000000000e+02 1.136899999999999932e-12 7.117200000000000415e+00
9.060000000000000000e+02 1.364199999999999983e-12 -2.056299999999999883e+01
9.080000000000000000e+02 1.591600000000000004e-12 0.000000000000000000e+00
9.100000000000000000e+02 1.818999999999999822e-12 4.757799999999999585e+00
9.120000000000000000e+02 2.273799999999999863e-12 -4.086000000000000298e+00
9.140000000000000000e+02 2.501099999999999915e-12 7.117200000000000415e+00
9.160000000000000000e+02 2.955899999999999956e-12 8.968799999999999883e+00
9.180000000000000000e+02 3.865400000000000069e-12 0.000000000000000000e+00
9.200000000000000000e+02 3.865400000000000069e-12 2.382800000000000029e+00
9.220000000000000000e+02 4.774899999999999778e-12 -3.945300000000000029e+00
9.240000000000000000e+02 5.456999999999999871e-12 1.679699999999999971e+00
9.260000000000000000e+02 6.139099999999999963e-12 1.500000000000000000e+00
9.280000000000000000e+02 6.821200000000000056e-12 -2.726599999999999913e+00
9.300000000000000000e+02 8.412900000000000230e-12 -2.250000000000000000e+00
9.320000000000000000e+02 9.322400000000000747e-12 -1.015600000000000058e+00
9.340000000000000000e+02 1.091399999999999974e-11 -8.750000000000000000e-01
9.360000000000000000e+02 1.227800000000000080e-11 1.523400000000000087e+00
9.380000000000000000e+02 1.364200000000000023e-11 6.953200000000000491e-01
9.400000000000000000e+02 1.523400000000000072e-11 -6.250000000000000000e-01
9.420000000000000000e+02 1.728000000000000069e-11 1.101599999999999913e+00
9.440000000000000000e+02 2.000899999999999845e-11 0.000000000000000000e+00
9.460000000000000000e+02 2.182799999999999948e-11 4.375000000000000000e-01
9.480000000000000000e+02 2.410200000000000050e-11 3.906299999999999772e-01
9.500000000000000000e+02 2.569300000000000048e-11 0.000000000000000000e+00
9.520000000000000000e+02 2.842200000000000148e-11 -1.343800000000000106e+00
9.540000000000000000e+02 3.092300000000000142e-11 -9.296900000000000164e-01
9.560000000000000000e+02 3.365199999999999918e-11 -5.703200000000000491e-01
9.580000000000000000e+02 3.569799999999999915e-11 -8.046900000000000164e-01
9.600000000000000000e+02 3.774399999999999911e-11 -2.578099999999999836e-01
9.620000000000000000e+02 3.956299999999999692e-11 -1.210900000000000087e+00
9.640000000000000000e+02 4.115499999999999902e-11 -9.375000000000000000e-01
9.660000000000000000e+02 4.297399999999999682e-11 -6.718800000000000328e-01
9.680000000000000000e+02 4.365599999999999897e-11 -1.093800000000000106e+00
9.700000000000000000e+02 4.479300000000000109e-11 -1.281300000000000106e+00
9.720000000000000000e+02 4.524800000000000107e-11 -6.328200000000000491e-01
9.740000000000000000e+02 4.501999999999999679e-11 -4.218799999999999772e-01
9.760000000000000000e+02 4.456599999999999892e-11 -6.484400000000000164e-01
9.780000000000000000e+02 4.320099999999999899e-11 -6.640700000000000491e-01
9.800000000000000000e+02 4.160999999999999900e-11 -6.953200000000000491e-01
9.820000000000000000e+02 3.956299999999999692e-11 -4.843799999999999772e-01
9.840000000000000000e+02 3.728899999999999914e-11 -1.023400000000000087e+00
9.860000000000000000e+02 3.501599999999999701e-11 -1.093800000000000106e+00
9.880000000000000000e+02 3.183199999999999926e-11 -1.789099999999999913e+00
9.900000000000000000e+02 2.910399999999999716e-11 -1.640600000000000058e+00
9.920000000000000000e+02 2.614800000000000046e-11 -1.812500000000000000e+00
9.940000000000000000e+02 2.342000000000000158e-11 -2.437500000000000000e+00
9.960000000000000000e+02 2.046399999999999843e-11 -1.398400000000000087e+00
9.980000000000000000e+02 1.796299999999999848e-11 -2.101599999999999913e+00
1.000000000000000000e+03 1.568900000000000070e-11 -1.812500000000000000e+00
1.002000000000000000e+03 1.364200000000000023e-11 -6.953200000000000491e-01
1.004000000000000000e+03 1.182399999999999970e-11 -2.390600000000000058e+00
1.006000000000000000e+03 1.068699999999999919e-11 -2.640600000000000058e+00
1.008000000000000000e+03 9.322400000000000747e-12 0.000000000000000000e+00
1.010000000000000000e+03 7.503399999999999713e-12 -1.250000000000000000e+00
1.012000000000000000e+03 6.593900000000000004e-12 -1.437500000000000000e+00
1.014000000000000000e+03 6.593900000000000004e-12 -2.867199999999999971e+00
1.016000000000000000e+03 5.456999999999999871e-12 -3.367199999999999971e+00
1.018000000000000000e+03 4.774899999999999778e-12 -1.914099999999999913e+00
1.020000000000000000e+03 4.774899999999999778e-12 0.000000000000000000e+00
1.022000000000000000e+03 4.320099999999999737e-12 0.000000000000000000e+00
1.024000000000000000e+03 3.637999999999999645e-12 4.961000000000000298e+00
1.026000000000000000e+03 3.637999999999999645e-12 -2.609399999999999942e+00
1.028000000000000000e+03 3.637999999999999645e-12 2.484399999999999942e+00
1.030000000000000000e+03 3.637999999999999645e-12 0.000000000000000000e+00
1.032000000000000000e+03 3.410600000000000028e-12 -5.445299999999999585e+00
1.034000000000000000e+03 2.955899999999999956e-12 -8.976599999999999469e+00
1.036000000000000000e+03 2.501099999999999915e-12 0.000000000000000000e+00
1.038000000000000000e+03 2.728499999999999935e-12 6.703199999999999825e+00
1.040000000000000000e+03 2.501099999999999915e-12 3.570300000000000029e+00
1.042000000000000000e+03 2.728499999999999935e-12 0.000000000000000000e+00
1.044000000000000000e+03 3.183299999999999977e-12 0.000000000000000000e+00
1.046000000000000000e+03 2.728499999999999935e-12 -3.367199999999999971e+00
1.048000000000000000e+03 2.955899999999999956e-12 3.007800000000000029e+00
1.050000000000000000e+03 1.409700000000000021e-11 -6.796900000000000164e-01
1.052000000000000000e+03 2.023600000000000061e-11 -1.414099999999999913e+00
1.054000000000000000e+03 1.887199999999999956e-11 -3.015600000000000058e+00
1.056000000000000000e+03 3.160499999999999710e-11 -2.101599999999999913e+00
1.058000000000000000e+03 3.660699999999999699e-11 -1.828100000000000058e+00
1.060000000000000000e+03 3.478799999999999919e-11 -1.375000000000000000e+00
