8.000000000000000000e+02 2.501099999999999915e-12 0.000000000000000000e+00
8.020000000000000000e+02 1.364199999999999983e-12 6.336000000000000298e+00
8.040000000000000000e+02 9.094999999999999111e-13 0.000000000000000000e+00
8.060000000000000000e+02 4.547499999999999556e-13 0.000000000000000000e+00
8.080000000000000000e+02 0.000000000000000000e+00 -4.500000000000000000e+01
8.100000000000000000e+02 0.000000000000000000e+00 -9.000100000000000477e+01
8.120000000000000000e+02 2.273699999999999945e-13 2.655499999999999972e+01
8.140000000000000000e+02 0.000000000000000000e+00 -4.500000000000000000e+01
8.160000000000000000e+02 2.273699999999999945e-13 -9.000100000000000477e+01
8.180000000000000000e+02 0.000000000000000000e+00 -9.000100000000000477e+01
8.200000000000000000e+02 4.547499999999999556e-13 -4.500000000000000000e+01
8.220000000000000000e+02 0.000000000000000000e+00 -4.500000000000000000e+01
8.240000000000000000e+02 0.000000000000000000e+00 4.499199999999999733e+01
8.260000000000000000e+02 2.273699999999999945e-13 6.342999999999999972e+01
8.280000000000000000e+02 2.273699999999999945e-13 2.655499999999999972e+01
8.300000000000000000e+02 2.273699999999999945e-13 2.655499999999999972e+01
8.320000000000000000e+02 0.000000000000000000e+00 -4.500000000000000000e+01
8.340000000000000000e+02 0.000000000000000000e+00 1.799900000000000091e+02
8.360000000000000000e+02 0.000000000000000000e+00 -4.500000000000000000e+01
8.380000000000000000e+02 2.273699999999999945e-13 2.655499999999999972e+01
8.400000000000000000e+02 0.000000000000000000e+00 0.000000000000000000e+00
8.420000000000000000e+02 0.000000000000000000e+00 1.349900000000000091e+02
8.440000000000000000e+02 0.000000000000000000e+00 8.999299999999999500e+01
8.460000000000000000e+02 0.000000000000000000e+00 4.499199999999999733e+01
8.480000000000000000e+02 2.273699999999999945e-13 2.655499999999999972e+01
8.500000000000000000e+02 2.273699999999999945e-13 0.000000000000000000e+00
8.520000000000000000e+02 2.273699999999999945e-13 0.000000000000000000e+00
8.540000000000000000e+02 0.000000000000000000e+00 0.000000000000000000e+00
8.560000000000000000e+02 0.000000000000000000e+00 0.000000000000000000e+00
8.580000000000000000e+02 0.000000000000000000e+00 0.000000000000000000e+00
8.600000000000000000e+02 0.000000000000000000e+00 0.000000000000000000e+00
8.620000000000000000e+02 0.000000000000000000e+00 8.999299999999999500e+01
8.640000000000000000e+02 0.000000000000000000e+00 0.000000000000000000e+00
8.660000000000000000e+02 0.000000000000000000e+00 0.000000000000000000e+00
8.680000000000000000e+02 4.547499999999999556e-13 1.842999999999999972e+01
8.700000000000000000e+02 4.547499999999999556e-13 1.842999999999999972e+01
8.720000000000000000e+02 4.547499999999999556e-13 0.000000000000000000e+00
8.740000000000000000e+02 4.547499999999999556e-13 0.000000000000000000e+00
8.760000000000000000e+02 4.547499999999999556e-13 1.403100000000000058e+01
8.780000000000000000e+02 4.547499999999999556e-13 0.000000000000000000e+00
8.800000000000000000e+02 4.547499999999999556e-13 0.000000000000000000e+00
8.820000000000000000e+02 4.547499999999999556e-13 1.842999999999999972e+01
8.840000000000000000e+02 4.547499999999999556e-13 0.000000000000000000e+00
8.860000000000000000e+02 4.547499999999999556e-13 -1.843799999999999883e+01
8.880000000000000000e+02 4.547499999999999556e-13 0.000000000000000000e+00
8.900000000000000000e+02 4.547499999999999556e-13 -1.403899999999999970e+01
8.920000000000000000e+02 4.547499999999999556e-13 -1.403899999999999970e+01
8.940000000000000000e+02 6.821200000000000258e-13 -2.180499999999999972e+01
8.960000000000000000e+02 9.094999999999999111e-13 -1.843799999999999883e+01
8.980000000000000000e+02 1.136899999999999932e-12 8.125099999999999767e+00
9.000000000000000000e+02 1.136899999999999932e-12 7.117200000000000415e+00
9.020000000000000000e+02 1.136899999999999932e-12 0.000000000000000000e+00
9.040000000000000000e+02 1.591600000000000004e-12 0.000000000000000000e+00
9.060000000000000000e+02 1.591600000000000004e-12 -5.718799999999999883e+00
9.080000000000000000e+02 2.046399999999999843e-12 -4.398500000000000298e+00
9.100000000000000000e+02 2.273799999999999863e-12 0.000000000000000000e+00
9.120000000000000000e+02 2.728499999999999935e-12 -6.711000000000000298e+00
9.140000000000000000e+02 3.183299999999999977e-12 2.859399999999999942e+00
9.160000000000000000e+02 3.865400000000000069e-12 -2.390600000000000058e+00
9.180000000000000000e+02 4.547500000000000161e-12 -2.046899999999999942e+00
9.200000000000000000e+02 5.229600000000000254e-12 -1.789099999999999913e+00
9.220000000000000000e+02 6.139099999999999963e-12 -3.101599999999999913e+00
9.240000000000000000e+02 6.821200000000000056e-12 -1.367199999999999971e+00
9.260000000000000000e+02 8.185499999999999806e-12 -1.148400000000000087e+00
9.280000000000000000e+02 9.322400000000000747e-12 -1.023400000000000087e+00
9.300000000000000000e+02 1.045899999999999976e-11 0.000000000000000000e+00
9.320000000000000000e+02 1.227800000000000080e-11 0.000000000000000000e+00
9.340000000000000000e+02 1.364200000000000023e-11 6.953200000000000491e-01
9.360000000000000000e+02 1.546199999999999854e-11 6.171900000000000164e-01
9.380000000000000000e+02 1.773500000000000067e-11 -5.390700000000000491e-01
9.400000000000000000e+02 1.978199999999999952e-11 -4.843799999999999772e-01
9.420000000000000000e+02 2.273799999999999944e-11 -8.359400000000000164e-01
9.440000000000000000e+02 2.523899999999999939e-11 -3.828099999999999836e-01
9.460000000000000000e+02 2.796700000000000150e-11 -3.437500000000000000e-01
9.480000000000000000e+02 3.046800000000000144e-11 -6.250000000000000000e-01
9.500000000000000000e+02 3.365199999999999918e-11 -8.593800000000000328e-01
9.520000000000000000e+02 3.638000000000000129e-11 -1.046899999999999942e+00
9.540000000000000000e+02 3.910899999999999905e-11 -4.921900000000000164e-01
9.560000000000000000e+02 4.160999999999999900e-11 -6.875000000000000000e-01
9.580000000000000000e+02 4.456599999999999892e-11 -6.484400000000000164e-01
9.600000000000000000e+02 4.706699999999999887e-11 -8.125000000000000000e-01
9.620000000000000000e+02 4.888600000000000314e-11 -7.812500000000000000e-01
9.640000000000000000e+02 5.047700000000000312e-11 -9.531300000000000328e-01
9.660000000000000000e+02 5.161399999999999878e-11 -9.296900000000000164e-01
9.680000000000000000e+02 5.229600000000000092e-11 -1.093800000000000106e+00
9.700000000000000000e+02 5.252399999999999874e-11 -1.093800000000000106e+00
9.720000000000000000e+02 5.229600000000000092e-11 -9.140700000000000491e-01
9.740000000000000000e+02 5.115899999999999880e-11 -1.117199999999999971e+00
9.760000000000000000e+02 4.979500000000000098e-11 -1.343800000000000106e+00
9.780000000000000000e+02 4.774900000000000101e-11 -1.398400000000000087e+00
9.800000000000000000e+02 4.501999999999999679e-11 -1.484399999999999942e+00
9.820000000000000000e+02 4.229200000000000114e-11 -1.351599999999999913e+00
9.840000000000000000e+02 3.910899999999999905e-11 -7.265700000000000491e-01
9.860000000000000000e+02 3.547000000000000133e-11 -1.343800000000000106e+00
9.880000000000000000e+02 3.205999999999999708e-11 -1.789099999999999913e+00
9.900000000000000000e+02 2.864900000000000041e-11 -1.335900000000000087e+00
9.920000000000000000e+02 2.546600000000000155e-11 -1.875000000000000000e+00
9.940000000000000000e+02 2.228299999999999946e-11 -1.703100000000000058e+00
9.960000000000000000e+02 1.955399999999999847e-11 -1.460900000000000087e+00
9.980000000000000000e+02 1.728000000000000069e-11 -1.656300000000000106e+00
1.000000000000000000e+03 1.477900000000000074e-11 -1.937500000000000000e+00
1.002000000000000000e+03 1.295999999999999971e-11 -2.898400000000000087e+00
1.004000000000000000e+03 1.091399999999999974e-11 -2.609399999999999942e+00
1.006000000000000000e+03 1.000399999999999978e-11 -2.820300000000000029e+00
1.008000000000000000e+03 8.640300000000000655e-12 -3.304699999999999971e+00
1.010000000000000000e+03 7.503399999999999713e-12 -3.734399999999999942e+00
1.012000000000000000e+03 6.821200000000000056e-12 -2.796899999999999942e+00
1.014000000000000000e+03 6.139099999999999963e-12 -1.507800000000000029e+00
1.016000000000000000e+03 5.684400000000000295e-12 0.000000000000000000e+00
1.018000000000000000e+03 5.456999999999999871e-12 -1.734399999999999942e+00
1.020000000000000000e+03 5.229600000000000254e-12 -1.789099999999999913e+00
1.022000000000000000e+03 4.774899999999999778e-12 -1.976599999999999913e+00
1.024000000000000000e+03 4.320099999999999737e-12 0.000000000000000000e+00
1.026000000000000000e+03 4.092700000000000120e-12 -2.296899999999999942e+00
1.028000000000000000e+03 3.865400000000000069e-12 0.000000000000000000e+00
1.030000000000000000e+03 3.637999999999999645e-12 -2.492199999999999971e+00
1.032000000000000000e+03 3.865400000000000069e-12 2.382800000000000029e+00
1.034000000000000000e+03 3.637999999999999645e-12 2.601599999999999913e+00
1.036000000000000000e+03 3.637999999999999645e-12 -5.203199999999999825e+00
1.038000000000000000e+03 3.637999999999999645e-12 -2.609399999999999942e+00
1.040000000000000000e+03 3.637999999999999645e-12 -2.609399999999999942e+00
1.042000000000000000e+03 3.410600000000000028e-12 0.000000000000000000e+00
1.044000000000000000e+03 3.637999999999999645e-12 -2.609399999999999942e+00
1.046000000000000000e+03 3.637999999999999645e-12 0.000000000000000000e+00
1.048000000000000000e+03 3.637999999999999645e-12 0.000000000000000000e+00
1.050000000000000000e+03 1.978199999999999952e-11 -4.765699999999999825e+00
1.052000000000000000e+03 3.160499999999999710e-11 -5.117200000000000415e+00
1.054000000000000000e+03 3.160499999999999710e-11 -5.117200000000000415e+00
1.056000000000000000e+03 5.456999999999999871e-11 -5.070299999999999585e+00
1.058000000000000000e+03 6.093699999999999854e-11 -4.546899999999999942e+00
1.060000000000000000e+03 5.547900000000000301e-11 -4.312500000000000000e+00
