8.000000000000000000e+02 9.094999999999999111e-13 -9.468799999999999883e+00
8.020000000000000000e+02 6.821200000000000258e-13 1.130499999999999972e+01
8.040000000000000000e+02 4.547499999999999556e-13 -3.369599999999999795e+01
8.060000000000000000e+02 4.547499999999999556e-13 -2.656299999999999883e+01
8.080000000000000000e+02 4.547499999999999556e-13 1.842999999999999972e+01
8.100000000000000000e+02 2.273699999999999945e-13 -2.656299999999999883e+01
8.120000000000000000e+02 4.547499999999999556e-13 4.499199999999999733e+01
8.140000000000000000e+02 4.547499999999999556e-13 1.403100000000000058e+01
8.160000000000000000e+02 2.273699999999999945e-13 2.655499999999999972e+01
8.180000000000000000e+02 0.000000000000000000e+00 0.000000000000000000e+00
8.200000000000000000e+02 0.000000000000000000e+00 0.000000000000000000e+00
8.220000000000000000e+02 0.000000000000000000e+00 -4.500000000000000000e+01
8.240000000000000000e+02 2.273699999999999945e-13 6.342999999999999972e+01
8.260000000000000000e+02 0.000000000000000000e+00 4.499199999999999733e+01
8.280000000000000000e+02 0.000000000000000000e+00 -4.500000000000000000e+01
8.300000000000000000e+02 4.547499999999999556e-13 0.000000000000000000e+00
8.320000000000000000e+02 4.547499999999999556e-13 2.655499999999999972e+01
8.340000000000000000e+02 4.547499999999999556e-13 -4.500000000000000000e+01
8.360000000000000000e+02 4.547499999999999556e-13 -1.843799999999999883e+01
8.380000000000000000e+02 4.547499999999999556e-13 -4.500000000000000000e+01
8.400000000000000000e+02 4.547499999999999556e-13 0.000000000000000000e+00
8.420000000000000000e+02 4.547499999999999556e-13 -1.843799999999999883e+01
8.440000000000000000e+02 4.547499999999999556e-13 -3.369599999999999795e+01
8.460000000000000000e+02 0.000000000000000000e+00 -4.500000000000000000e+01
8.480000000000000000e+02 4.547499999999999556e-13 4.499199999999999733e+01
8.500000000000000000e+02 2.273699999999999945e-13 6.342999999999999972e+01
8.520000000000000000e+02 2.273699999999999945e-13 -2.656299999999999883e+01
8.540000000000000000e+02 2.273699999999999945e-13 6.342999999999999972e+01
8.560000000000000000e+02 2.273699999999999945e-13 -6.343800000000000239e+01
8.580000000000000000e+02 2.273699999999999945e-13 -6.343800000000000239e+01
8.600000000000000000e+02 2.273699999999999945e-13 -9.000100000000000477e+01
8.620000000000000000e+02 4.547499999999999556e-13 7.156300000000000239e+01
8.640000000000000000e+02 2.273699999999999945e-13 -1.534399999999999977e+02
8.660000000000000000e+02 0.000000000000000000e+00 -4.500000000000000000e+01
8.680000000000000000e+02 4.547499999999999556e-13 -1.843799999999999883e+01
8.700000000000000000e+02 6.821200000000000258e-13 -1.131300000000000061e+01
8.720000000000000000e+02 4.547499999999999556e-13 -4.500000000000000000e+01
8.740000000000000000e+02 4.547499999999999556e-13 -3.369599999999999795e+01
8.760000000000000000e+02 4.547499999999999556e-13 -1.403899999999999970e+01
8.780000000000000000e+02 4.547499999999999556e-13 -1.403899999999999970e+01
8.800000000000000000e+02 2.273699999999999945e-13 -2.656299999999999883e+01
8.820000000000000000e+02 4.547499999999999556e-13 1.842999999999999972e+01
8.840000000000000000e+02 4.547499999999999556e-13 4.499199999999999733e+01
8.860000000000000000e+02 4.547499999999999556e-13 2.655499999999999972e+01
8.880000000000000000e+02 4.547499999999999556e-13 2.655499999999999972e+01
8.900000000000000000e+02 0.000000000000000000e+00 -4.500000000000000000e+01
8.920000000000000000e+02 4.547499999999999556e-13 -3.369599999999999795e+01
8.940000000000000000e+02 4.547499999999999556e-13 0.000000000000000000e+00
8.960000000000000000e+02 4.547499999999999556e-13 4.499199999999999733e+01
8.980000000000000000e+02 4.547499999999999556e-13 2.655499999999999972e+01
9.000000000000000000e+02 6.821200000000000258e-13 2.179700000000000060e+01
9.020000000000000000e+02 4.547499999999999556e-13 4.499199999999999733e+01
9.040000000000000000e+02 9.094999999999999111e-13 4.499199999999999733e+01
9.060000000000000000e+02 4.547499999999999556e-13 1.403100000000000058e+01
9.080000000000000000e+02 6.821200000000000258e-13 0.000000000000000000e+00
9.100000000000000000e+02 1.136899999999999932e-12 -2.656299999999999883e+01
9.120000000000000000e+02 9.094999999999999111e-13 -9.468799999999999883e+00
9.140000000000000000e+02 1.136899999999999932e-12 -8.132899999999999352e+00
9.160000000000000000e+02 1.136899999999999932e-12 0.000000000000000000e+00
9.180000000000000000e+02 1.591600000000000004e-12 -1.131300000000000061e+01
9.200000000000000000e+02 1.818999999999999822e-12 5.195299999999999585e+00
9.220000000000000000e+02 2.046399999999999843e-12 -4.398500000000000298e+00
9.240000000000000000e+02 2.273799999999999863e-12 7.593799999999999883e+00
9.260000000000000000e+02 2.501099999999999915e-12 -3.578100000000000058e+00
9.280000000000000000e+02 2.955899999999999956e-12 0.000000000000000000e+00
9.300000000000000000e+02 3.410600000000000028e-12 -2.726599999999999913e+00
9.320000000000000000e+02 3.637999999999999645e-12 7.429700000000000415e+00
9.340000000000000000e+02 4.320099999999999737e-12 4.234399999999999942e+00
9.360000000000000000e+02 5.002199999999999829e-12 0.000000000000000000e+00
9.380000000000000000e+02 5.456999999999999871e-12 -5.203199999999999825e+00
9.400000000000000000e+02 6.139099999999999963e-12 -3.015600000000000058e+00
9.420000000000000000e+02 6.821200000000000056e-12 -1.398400000000000087e+00
9.440000000000000000e+02 7.275999999999999289e-12 -1.273400000000000087e+00
9.460000000000000000e+02 8.640300000000000655e-12 -2.203100000000000058e+00
9.480000000000000000e+02 9.322400000000000747e-12 -1.015600000000000058e+00
9.500000000000000000e+02 9.777100000000000415e-12 -1.945300000000000029e+00
9.520000000000000000e+02 1.114100000000000029e-11 0.000000000000000000e+00
9.540000000000000000e+02 1.250600000000000023e-11 -2.265600000000000058e+00
9.560000000000000000e+02 1.341499999999999969e-11 -2.125000000000000000e+00
9.580000000000000000e+02 1.432499999999999965e-11 6.562500000000000000e-01
9.600000000000000000e+02 1.546199999999999854e-11 -1.835900000000000087e+00
9.620000000000000000e+02 1.659799999999999854e-11 -1.148400000000000087e+00
9.640000000000000000e+02 1.773500000000000067e-11 -1.070300000000000029e+00
9.660000000000000000e+02 1.909899999999999849e-11 -5.000000000000000000e-01
9.680000000000000000e+02 2.023600000000000061e-11 4.609400000000000164e-01
9.700000000000000000e+02 2.160100000000000055e-11 0.000000000000000000e+00
9.720000000000000000e+02 2.273799999999999944e-11 8.281300000000000328e-01
9.740000000000000000e+02 2.342000000000000158e-11 0.000000000000000000e+00
9.760000000000000000e+02 2.410200000000000050e-11 0.000000000000000000e+00
9.780000000000000000e+02 2.478399999999999941e-11 -3.906299999999999772e-01
9.800000000000000000e+02 2.592100000000000153e-11 -7.343800000000000328e-01
9.820000000000000000e+02 2.592100000000000153e-11 -1.476599999999999913e+00
9.840000000000000000e+02 2.614800000000000046e-11 -1.460900000000000087e+00
9.860000000000000000e+02 2.614800000000000046e-11 -3.671900000000000164e-01
9.880000000000000000e+02 2.546600000000000155e-11 -1.500000000000000000e+00
9.900000000000000000e+02 2.523899999999999939e-11 -3.828099999999999836e-01
9.920000000000000000e+02 2.432899999999999943e-11 -1.179699999999999971e+00
9.940000000000000000e+02 2.342000000000000158e-11 -1.632800000000000029e+00
9.960000000000000000e+02 2.273799999999999944e-11 -1.257800000000000029e+00
9.980000000000000000e+02 2.114600000000000057e-11 -1.351599999999999913e+00
1.000000000000000000e+03 1.978199999999999952e-11 0.000000000000000000e+00
1.002000000000000000e+03 1.841699999999999958e-11 -1.039099999999999913e+00
1.004000000000000000e+03 1.614400000000000068e-11 -5.937500000000000000e-01
1.006000000000000000e+03 1.477900000000000074e-11 6.406300000000000328e-01
1.008000000000000000e+03 1.273300000000000078e-11 -7.500000000000000000e-01
1.010000000000000000e+03 1.159600000000000027e-11 -8.203200000000000491e-01
1.012000000000000000e+03 1.045899999999999976e-11 -1.789099999999999913e+00
1.014000000000000000e+03 9.095000000000000323e-12 -2.085900000000000087e+00
1.016000000000000000e+03 7.503399999999999713e-12 -2.492199999999999971e+00
1.018000000000000000e+03 6.366500000000000388e-12 -2.937500000000000000e+00
1.020000000000000000e+03 5.456999999999999871e-12 -3.468799999999999883e+00
1.022000000000000000e+03 5.002199999999999829e-12 -3.695300000000000029e+00
1.024000000000000000e+03 4.320099999999999737e-12 2.117199999999999971e+00
1.026000000000000000e+03 3.637999999999999645e-12 0.000000000000000000e+00
1.028000000000000000e+03 2.728499999999999935e-12 -3.367199999999999971e+00
1.030000000000000000e+03 2.501099999999999915e-12 -3.578100000000000058e+00
1.032000000000000000e+03 1.818999999999999822e-12 0.000000000000000000e+00
1.034000000000000000e+03 2.046399999999999843e-12 -8.750099999999999767e+00
1.036000000000000000e+03 1.364199999999999983e-12 -6.343799999999999883e+00
1.038000000000000000e+03 1.591600000000000004e-12 5.711000000000000298e+00
1.040000000000000000e+03 1.364199999999999983e-12 -6.343799999999999883e+00
1.042000000000000000e+03 1.364199999999999983e-12 -1.253100000000000058e+01
1.044000000000000000e+03 1.136899999999999932e-12 0.000000000000000000e+00
1.046000000000000000e+03 1.136899999999999932e-12 -7.125000000000000000e+00
1.048000000000000000e+03 1.136899999999999932e-12 -1.595299999999999940e+01
1.050000000000000000e+03 6.821200000000000056e-12 -5.578199999999999825e+00
1.052000000000000000e+03 1.295999999999999971e-11 -5.789100000000000357e+00
1.054000000000000000e+03 1.682599999999999959e-11 -5.046899999999999942e+00
1.056000000000000000e+03 2.728499999999999935e-11 -3.843799999999999883e+00
1.058000000000000000e+03 3.160499999999999710e-11 -3.601599999999999913e+00
1.060000000000000000e+03 2.887700000000000146e-11 -3.945300000000000029e+00
