8.000000000000000000e+02 2.273799999999999863e-12 3.812500000000000000e+00
8.020000000000000000e+02 1.591600000000000004e-12 1.130499999999999972e+01
8.040000000000000000e+02 6.821200000000000258e-13 0.000000000000000000e+00
8.060000000000000000e+02 2.273699999999999945e-13 -2.656299999999999883e+01
8.080000000000000000e+02 4.547499999999999556e-13 -4.500000000000000000e+01
8.100000000000000000e+02 2.273699999999999945e-13 -2.656299999999999883e+01
8.120000000000000000e+02 0.000000000000000000e+00 0.000000000000000000e+00
8.140000000000000000e+02 2.273699999999999945e-13 0.000000000000000000e+00
8.160000000000000000e+02 0.000000000000000000e+00 -4.500000000000000000e+01
8.180000000000000000e+02 0.000000000000000000e+00 -4.500000000000000000e+01
8.200000000000000000e+02 0.000000000000000000e+00 -4.500000000000000000e+01
8.220000000000000000e+02 0.000000000000000000e+00 0.000000000000000000e+00
8.240000000000000000e+02 0.000000000000000000e+00 -1.350000000000000000e+02
8.260000000000000000e+02 0.000000000000000000e+00 0.000000000000000000e+00
8.280000000000000000e+02 0.000000000000000000e+00 0.000000000000000000e+00
8.300000000000000000e+02 0.000000000000000000e+00 4.499199999999999733e+01
8.320000000000000000e+02 0.000000000000000000e+00 4.499199999999999733e+01
8.340000000000000000e+02 0.000000000000000000e+00 4.499199999999999733e+01
8.360000000000000000e+02 2.273699999999999945e-13 0.000000000000000000e+00
8.380000000000000000e+02 0.000000000000000000e+00 0.000000000000000000e+00
8.400000000000000000e+02 2.273699999999999945e-13 0.000000000000000000e+00
8.420000000000000000e+02 2.273699999999999945e-13 -2.656299999999999883e+01
8.440000000000000000e+02 2.273699999999999945e-13 0.000000000000000000e+00
8.460000000000000000e+02 4.547499999999999556e-13 -1.843799999999999883e+01
8.480000000000000000e+02 2.273699999999999945e-13 -2.656299999999999883e+01
8.500000000000000000e+02 4.547499999999999556e-13 -1.843799999999999883e+01
8.520000000000000000e+02 0.000000000000000000e+00 -4.500000000000000000e+01
8.540000000000000000e+02 2.273699999999999945e-13 0.000000000000000000e+00
8.560000000000000000e+02 2.273699999999999945e-13 -2.656299999999999883e+01
8.580000000000000000e+02 4.547499999999999556e-13 -1.843799999999999883e+01
8.600000000000000000e+02 4.547499999999999556e-13 0.000000000000000000e+00
8.620000000000000000e+02 2.273699999999999945e-13 0.000000000000000000e+00
8.640000000000000000e+02 2.273699999999999945e-13 -2.656299999999999883e+01
8.660000000000000000e+02 2.273699999999999945e-13 -2.656299999999999883e+01
8.680000000000000000e+02 4.547499999999999556e-13 -5.631300000000000239e+01
8.700000000000000000e+02 4.547499999999999556e-13 0.000000000000000000e+00
8.720000000000000000e+02 2.273699999999999945e-13 0.000000000000000000e+00
8.740000000000000000e+02 4.547499999999999556e-13 -1.843799999999999883e+01
8.760000000000000000e+02 4.547499999999999556e-13 -3.369599999999999795e+01
8.780000000000000000e+02 6.821200000000000258e-13 -2.180499999999999972e+01
8.800000000000000000e+02 4.547499999999999556e-13 -2.656299999999999883e+01
8.820000000000000000e+02 6.821200000000000258e-13 0.000000000000000000e+00
8.840000000000000000e+02 9.094999999999999111e-13 9.461000000000000298e+00
8.860000000000000000e+02 1.136899999999999932e-12 7.117200000000000415e+00
8.880000000000000000e+02 1.364199999999999983e-12 6.336000000000000298e+00
8.900000000000000000e+02 1.136899999999999932e-12 7.117200000000000415e+00
8.920000000000000000e+02 1.818999999999999822e-12 0.000000000000000000e+00
8.940000000000000000e+02 2.273799999999999863e-12 0.000000000000000000e+00
8.960000000000000000e+02 2.955899999999999956e-12 3.179699999999999971e+00
8.980000000000000000e+02 3.410600000000000028e-12 0.000000000000000000e+00
9.000000000000000000e+02 3.865400000000000069e-12 -2.390600000000000058e+00
9.020000000000000000e+02 4.547500000000000161e-12 -2.046899999999999942e+00
9.040000000000000000e+02 5.456999999999999871e-12 0.000000000000000000e+00
9.060000000000000000e+02 7.275999999999999289e-12 0.000000000000000000e+00
9.080000000000000000e+02 8.640300000000000655e-12 -1.085900000000000087e+00
9.100000000000000000e+02 1.045899999999999976e-11 -1.789099999999999913e+00
9.120000000000000000e+02 1.295999999999999971e-11 0.000000000000000000e+00
9.140000000000000000e+02 1.591599999999999963e-11 5.937500000000000000e-01
9.160000000000000000e+02 1.932699999999999954e-11 4.843799999999999772e-01
9.180000000000000000e+02 2.296500000000000161e-11 -4.140599999999999836e-01
9.200000000000000000e+02 2.773999999999999933e-11 -3.437500000000000000e-01
9.220000000000000000e+02 3.319699999999999920e-11 0.000000000000000000e+00
9.240000000000000000e+02 3.956299999999999692e-11 2.343800000000000050e-01
9.260000000000000000e+02 4.729400000000000103e-11 2.031300000000000050e-01
9.280000000000000000e+02 5.547900000000000301e-11 -1.796899999999999886e-01
9.300000000000000000e+02 6.434700000000000279e-11 1.484399999999999886e-01
9.320000000000000000e+02 7.412399999999999394e-11 1.250000000000000000e-01
9.340000000000000000e+02 8.481099999999999798e-11 1.093800000000000050e-01
9.360000000000000000e+02 9.640700000000000633e-11 0.000000000000000000e+00
9.380000000000000000e+02 1.080000000000000019e-10 -9.375100000000000100e-02
9.400000000000000000e+02 1.193699999999999972e-10 -2.421899999999999886e-01
9.420000000000000000e+02 1.305099999999999970e-10 -2.265600000000000114e-01
9.440000000000000000e+02 1.409700000000000054e-10 -2.109399999999999886e-01
9.460000000000000000e+02 1.498399999999999965e-10 -1.953100000000000114e-01
9.480000000000000000e+02 1.577999999999999876e-10 -1.875000000000000000e-01
9.500000000000000000e+02 1.637099999999999961e-10 -2.890599999999999836e-01
9.520000000000000000e+02 1.678000000000000047e-10 -3.984400000000000164e-01
9.540000000000000000e+02 1.687100000000000047e-10 -4.531299999999999772e-01
9.560000000000000000e+02 1.680299999999999874e-10 -3.437500000000000000e-01
9.580000000000000000e+02 1.646199999999999961e-10 -3.515599999999999836e-01
9.600000000000000000e+02 1.589399999999999960e-10 -4.843799999999999772e-01
9.620000000000000000e+02 1.512000000000000052e-10 -6.328200000000000491e-01
9.640000000000000000e+02 1.416499999999999968e-10 -5.468800000000000328e-01
9.660000000000000000e+02 1.311999999999999967e-10 -6.562500000000000000e-01
9.680000000000000000e+02 1.193699999999999972e-10 -6.484400000000000164e-01
9.700000000000000000e+02 1.073199999999999975e-10 -6.250000000000000000e-01
9.720000000000000000e+02 9.526999999999999775e-11 -6.015700000000000491e-01
9.740000000000000000e+02 8.344699999999999370e-11 -4.609400000000000164e-01
9.760000000000000000e+02 7.253299999999999396e-11 -5.234400000000000164e-01
9.780000000000000000e+02 6.230100000000000282e-11 -6.171900000000000164e-01
9.800000000000000000e+02 5.343300000000000305e-11 -5.390700000000000491e-01
9.820000000000000000e+02 4.570199999999999893e-11 0.000000000000000000e+00
9.840000000000000000e+02 3.910899999999999905e-11 -4.921900000000000164e-01
9.860000000000000000e+02 3.365199999999999918e-11 -5.703200000000000491e-01
9.880000000000000000e+02 2.887700000000000146e-11 -3.359400000000000164e-01
9.900000000000000000e+02 2.546600000000000155e-11 0.000000000000000000e+00
9.920000000000000000e+02 2.228299999999999946e-11 0.000000000000000000e+00
9.940000000000000000e+02 1.978199999999999952e-11 0.000000000000000000e+00
9.960000000000000000e+02 1.796299999999999848e-11 0.000000000000000000e+00
9.980000000000000000e+02 1.637099999999999961e-11 -5.859400000000000164e-01
1.000000000000000000e+03 1.477900000000000074e-11 -6.406300000000000328e-01
1.002000000000000000e+03 1.409700000000000021e-11 -6.796900000000000164e-01
1.004000000000000000e+03 1.318800000000000075e-11 0.000000000000000000e+00
1.006000000000000000e+03 1.295999999999999971e-11 7.265700000000000491e-01
1.008000000000000000e+03 1.227800000000000080e-11 -7.656300000000000328e-01
1.010000000000000000e+03 1.182399999999999970e-11 -1.593800000000000106e+00
1.012000000000000000e+03 1.136899999999999972e-11 -8.281300000000000328e-01
1.014000000000000000e+03 1.091399999999999974e-11 0.000000000000000000e+00
1.016000000000000000e+03 1.091399999999999974e-11 -8.750000000000000000e-01
1.018000000000000000e+03 1.045899999999999976e-11 -1.820300000000000029e+00
1.020000000000000000e+03 1.023199999999999921e-11 -1.851599999999999913e+00
1.022000000000000000e+03 1.000399999999999978e-11 -1.882800000000000029e+00
1.024000000000000000e+03 9.777100000000000415e-12 -9.765700000000000491e-01
1.026000000000000000e+03 9.777100000000000415e-12 -9.609400000000000164e-01
1.028000000000000000e+03 9.777100000000000415e-12 0.000000000000000000e+00
1.030000000000000000e+03 9.322400000000000747e-12 0.000000000000000000e+00
1.032000000000000000e+03 9.322400000000000747e-12 0.000000000000000000e+00
1.034000000000000000e+03 9.095000000000000323e-12 1.039099999999999913e+00
1.036000000000000000e+03 8.867599999999999898e-12 0.000000000000000000e+00
1.038000000000000000e+03 8.867599999999999898e-12 -1.062500000000000000e+00
1.040000000000000000e+03 8.412900000000000230e-12 -2.250000000000000000e+00
1.042000000000000000e+03 8.185499999999999806e-12 -1.148400000000000087e+00
1.044000000000000000e+03 8.185499999999999806e-12 0.000000000000000000e+00
1.046000000000000000e+03 7.958099999999999381e-12 -1.171899999999999942e+00
1.048000000000000000e+03 7.958099999999999381e-12 -2.390600000000000058e+00
1.050000000000000000e+03 1.546199999999999854e-11 -2.460900000000000087e+00
1.052000000000000000e+03 1.978199999999999952e-11 -2.867199999999999971e+00
1.054000000000000000e+03 2.296500000000000161e-11 -1.242199999999999971e+00
1.056000000000000000e+03 3.478799999999999919e-11 -1.921899999999999942e+00
1.058000000000000000e+03 3.865399999999999907e-11 -1.976599999999999913e+00
1.060000000000000000e+03 3.501599999999999701e-11 -1.906300000000000106e+00
