8.000000000000000000e+02 3.183299999999999977e-12 -8.539099999999999469e+00
8.020000000000000000e+02 1.818999999999999822e-12 -5.203199999999999825e+00
8.040000000000000000e+02 4.547499999999999556e-13 -1.843799999999999883e+01
8.060000000000000000e+02 4.547499999999999556e-13 -2.656299999999999883e+01
8.080000000000000000e+02 2.273699999999999945e-13 0.000000000000000000e+00
8.100000000000000000e+02 4.547499999999999556e-13 -3.369599999999999795e+01
8.120000000000000000e+02 4.547499999999999556e-13 -4.500000000000000000e+01
8.140000000000000000e+02 0.000000000000000000e+00 0.000000000000000000e+00
8.160000000000000000e+02 2.273699999999999945e-13 -2.656299999999999883e+01
8.180000000000000000e+02 4.547499999999999556e-13 0.000000000000000000e+00
8.200000000000000000e+02 4.547499999999999556e-13 3.368800000000000239e+01
8.220000000000000000e+02 2.273699999999999945e-13 2.655499999999999972e+01
8.240000000000000000e+02 0.000000000000000000e+00 -4.500000000000000000e+01
8.260000000000000000e+02 2.273699999999999945e-13 0.000000000000000000e+00
8.280000000000000000e+02 2.273699999999999945e-13 6.342999999999999972e+01
8.300000000000000000e+02 4.547499999999999556e-13 1.842999999999999972e+01
8.320000000000000000e+02 4.547499999999999556e-13 0.000000000000000000e+00
8.340000000000000000e+02 2.273699999999999945e-13 6.342999999999999972e+01
8.360000000000000000e+02 2.273699999999999945e-13 2.655499999999999972e+01
8.380000000000000000e+02 4.547499999999999556e-13 0.000000000000000000e+00
8.400000000000000000e+02 0.000000000000000000e+00 -4.500000000000000000e+01
8.420000000000000000e+02 2.273699999999999945e-13 -2.656299999999999883e+01
8.440000000000000000e+02 4.547499999999999556e-13 0.000000000000000000e+00
8.460000000000000000e+02 2.273699999999999945e-13 2.655499999999999972e+01
8.480000000000000000e+02 4.547499999999999556e-13 4.499199999999999733e+01
8.500000000000000000e+02 4.547499999999999556e-13 0.000000000000000000e+00
8.520000000000000000e+02 4.547499999999999556e-13 0.000000000000000000e+00
8.540000000000000000e+02 2.273699999999999945e-13 2.655499999999999972e+01
8.560000000000000000e+02 4.547499999999999556e-13 3.368800000000000239e+01
8.580000000000000000e+02 4.547499999999999556e-13 1.842999999999999972e+01
8.600000000000000000e+02 4.547499999999999556e-13 1.842999999999999972e+01
8.620000000000000000e+02 2.273699999999999945e-13 2.655499999999999972e+01
8.640000000000000000e+02 4.547499999999999556e-13 1.403100000000000058e+01
8.660000000000000000e+02 4.547499999999999556e-13 1.842999999999999972e+01
8.680000000000000000e+02 4.547499999999999556e-13 -2.656299999999999883e+01
8.700000000000000000e+02 4.547499999999999556e-13 1.842999999999999972e+01
8.720000000000000000e+02 4.547499999999999556e-13 1.842999999999999972e+01
8.740000000000000000e+02 4.547499999999999556e-13 -1.403899999999999970e+01
8.760000000000000000e+02 4.547499999999999556e-13 0.000000000000000000e+00
8.780000000000000000e+02 4.547499999999999556e-13 -1.403899999999999970e+01
8.800000000000000000e+02 4.547499999999999556e-13 1.403100000000000058e+01
8.820000000000000000e+02 6.821200000000000258e-13 0.000000000000000000e+00
8.840000000000000000e+02 1.136899999999999932e-12 2.655499999999999972e+01
8.860000000000000000e+02 1.136899999999999932e-12 0.000000000000000000e+00
8.880000000000000000e+02 1.364199999999999983e-12 0.000000000000000000e+00
8.900000000000000000e+02 1.818999999999999822e-12 0.000000000000000000e+00
8.920000000000000000e+02 1.818999999999999822e-12 -5.203199999999999825e+00
8.940000000000000000e+02 2.273799999999999863e-12 -7.601600000000000357e+00
8.960000000000000000e+02 3.183299999999999977e-12 2.859399999999999942e+00
8.980000000000000000e+02 3.637999999999999645e-12 4.961000000000000298e+00
9.000000000000000000e+02 4.774899999999999778e-12 -3.945300000000000029e+00
9.020000000000000000e+02 5.911700000000000346e-12 0.000000000000000000e+00
9.040000000000000000e+02 7.275999999999999289e-12 3.812500000000000000e+00
9.060000000000000000e+02 9.095000000000000323e-12 1.039099999999999913e+00
9.080000000000000000e+02 1.114100000000000029e-11 8.515700000000000491e-01
9.100000000000000000e+02 1.364200000000000023e-11 2.093799999999999883e+00
9.120000000000000000e+02 1.705299999999999852e-11 2.218799999999999883e+00
9.140000000000000000e+02 2.114600000000000057e-11 1.781300000000000106e+00
9.160000000000000000e+02 2.501100000000000157e-11 1.132800000000000029e+00
9.180000000000000000e+02 3.046800000000000144e-11 1.242199999999999971e+00
9.200000000000000000e+02 3.683500000000000127e-11 1.031300000000000106e+00
9.220000000000000000e+02 4.411099999999999894e-11 1.078100000000000058e+00
9.240000000000000000e+02 5.275100000000000090e-11 3.593799999999999772e-01
9.260000000000000000e+02 6.230100000000000282e-11 3.046900000000000164e-01
9.280000000000000000e+02 7.230500000000000260e-11 6.562500000000000000e-01
9.300000000000000000e+02 8.412900000000000230e-11 3.359400000000000164e-01
9.320000000000000000e+02 9.617999999999999771e-11 2.890599999999999836e-01
9.340000000000000000e+02 1.091399999999999974e-10 3.437500000000000000e-01
9.360000000000000000e+02 1.223300000000000056e-10 1.484399999999999886e-01
9.380000000000000000e+02 1.355199999999999880e-10 2.031300000000000050e-01
9.400000000000000000e+02 1.477899999999999880e-10 0.000000000000000000e+00
9.420000000000000000e+02 1.596199999999999875e-10 5.468800000000000050e-02
9.440000000000000000e+02 1.700799999999999958e-10 -1.171900000000000025e-01
9.460000000000000000e+02 1.780300000000000046e-10 -5.468800000000000050e-02
9.480000000000000000e+02 1.839499999999999955e-10 -1.093800000000000050e-01
9.500000000000000000e+02 1.873600000000000127e-10 -2.578099999999999836e-01
9.520000000000000000e+02 1.878099999999999956e-10 -2.109399999999999886e-01
9.540000000000000000e+02 1.848599999999999955e-10 -2.109399999999999886e-01
9.560000000000000000e+02 1.796300000000000042e-10 -4.296900000000000164e-01
9.580000000000000000e+02 1.723500000000000045e-10 -3.359400000000000164e-01
9.600000000000000000e+02 1.623499999999999874e-10 -4.140599999999999836e-01
9.620000000000000000e+02 1.509800000000000049e-10 -4.453099999999999836e-01
9.640000000000000000e+02 1.391500000000000055e-10 -4.140599999999999836e-01
9.660000000000000000e+02 1.259700000000000055e-10 -5.312500000000000000e-01
9.680000000000000000e+02 1.125500000000000017e-10 -6.796900000000000164e-01
9.700000000000000000e+02 9.936300000000000626e-11 -3.906299999999999772e-01
9.720000000000000000e+02 8.640199999999999797e-11 -7.812500000000000000e-01
9.740000000000000000e+02 7.548899999999999388e-11 -1.015600000000000058e+00
9.760000000000000000e+02 6.457499999999999414e-11 -1.039099999999999913e+00
9.780000000000000000e+02 5.547900000000000301e-11 -1.031300000000000106e+00
9.800000000000000000e+02 4.752100000000000320e-11 -8.046900000000000164e-01
9.820000000000000000e+02 4.115499999999999902e-11 -9.296900000000000164e-01
9.840000000000000000e+02 3.547000000000000133e-11 -2.734400000000000164e-01
9.860000000000000000e+02 3.069599999999999926e-11 -3.125000000000000000e-01
9.880000000000000000e+02 2.705800000000000042e-11 -7.031300000000000328e-01
9.900000000000000000e+02 2.432899999999999943e-11 -7.890700000000000491e-01
9.920000000000000000e+02 2.182799999999999948e-11 -8.828200000000000491e-01
9.940000000000000000e+02 1.955399999999999847e-11 -1.460900000000000087e+00
9.960000000000000000e+02 1.796299999999999848e-11 -5.234400000000000164e-01
9.980000000000000000e+02 1.682599999999999959e-11 -1.125000000000000000e+00
1.000000000000000000e+03 1.614400000000000068e-11 -1.187500000000000000e+00
1.002000000000000000e+03 1.500699999999999856e-11 -6.328200000000000491e-01
1.004000000000000000e+03 1.477900000000000074e-11 0.000000000000000000e+00
1.006000000000000000e+03 1.432499999999999965e-11 -6.718800000000000328e-01
1.008000000000000000e+03 1.386999999999999967e-11 -1.367199999999999971e+00
1.010000000000000000e+03 1.364200000000000023e-11 -2.101599999999999913e+00
1.012000000000000000e+03 1.318800000000000075e-11 -7.187500000000000000e-01
1.014000000000000000e+03 1.295999999999999971e-11 -7.343800000000000328e-01
1.016000000000000000e+03 1.227800000000000080e-11 -7.812500000000000000e-01
1.018000000000000000e+03 1.227800000000000080e-11 -7.812500000000000000e-01
1.020000000000000000e+03 1.205100000000000025e-11 7.812500000000000000e-01
1.022000000000000000e+03 1.182399999999999970e-11 -1.593800000000000106e+00
1.024000000000000000e+03 1.159600000000000027e-11 0.000000000000000000e+00
1.026000000000000000e+03 1.114100000000000029e-11 -8.515700000000000491e-01
1.028000000000000000e+03 1.045899999999999976e-11 0.000000000000000000e+00
1.030000000000000000e+03 1.068699999999999919e-11 0.000000000000000000e+00
1.032000000000000000e+03 1.045899999999999976e-11 0.000000000000000000e+00
1.034000000000000000e+03 1.045899999999999976e-11 -1.789099999999999913e+00
1.036000000000000000e+03 1.045899999999999976e-11 -9.140700000000000491e-01
1.038000000000000000e+03 9.777100000000000415e-12 -2.867199999999999971e+00
1.040000000000000000e+03 1.000399999999999978e-11 -1.882800000000000029e+00
1.042000000000000000e+03 9.322400000000000747e-12 0.000000000000000000e+00
1.044000000000000000e+03 9.322400000000000747e-12 -2.046899999999999942e+00
1.046000000000000000e+03 9.095000000000000323e-12 -1.046899999999999942e+00
1.048000000000000000e+03 9.095000000000000323e-12 -3.125000000000000000e+00
1.050000000000000000e+03 1.432499999999999965e-11 -3.289099999999999913e+00
1.052000000000000000e+03 2.523899999999999939e-11 -3.015600000000000058e+00
1.054000000000000000e+03 2.887700000000000146e-11 -4.632799999999999585e+00
1.056000000000000000e+03 4.547500000000000323e-11 -4.820299999999999585e+00
1.058000000000000000e+03 5.206899999999999876e-11 -4.218799999999999883e+00
1.060000000000000000e+03 4.683900000000000105e-11 -3.671899999999999942e+00
