8.000000000000000000e+02 1.136899999999999932e-12 -1.403899999999999970e+01
8.020000000000000000e+02 6.821200000000000258e-13 -1.131300000000000061e+01
8.040000000000000000e+02 6.821200000000000258e-13 -1.131300000000000061e+01
8.060000000000000000e+02 0.000000000000000000e+00 0.000000000000000000e+00
8.080000000000000000e+02 0.000000000000000000e+00 8.999299999999999500e+01
8.100000000000000000e+02 0.000000000000000000e+00 0.000000000000000000e+00
8.120000000000000000e+02 0.000000000000000000e+00 0.000000000000000000e+00
8.140000000000000000e+02 2.273699999999999945e-13 6.342999999999999972e+01
8.160000000000000000e+02 0.000000000000000000e+00 0.000000000000000000e+00
8.180000000000000000e+02 0.000000000000000000e+00 1.799900000000000091e+02
8.200000000000000000e+02 0.000000000000000000e+00 4.499199999999999733e+01
8.220000000000000000e+02 4.547499999999999556e-13 3.368800000000000239e+01
8.240000000000000000e+02 4.547499999999999556e-13 0.000000000000000000e+00
8.260000000000000000e+02 2.273699999999999945e-13 2.655499999999999972e+01
8.280000000000000000e+02 0.000000000000000000e+00 -9.000100000000000477e+01
8.300000000000000000e+02 0.000000000000000000e+00 0.000000000000000000e+00
8.320000000000000000e+02 0.000000000000000000e+00 -4.500000000000000000e+01
8.340000000000000000e+02 0.000000000000000000e+00 -9.000100000000000477e+01
8.360000000000000000e+02 0.000000000000000000e+00 0.000000000000000000e+00
8.380000000000000000e+02 0.000000000000000000e+00 0.000000000000000000e+00
8.400000000000000000e+02 0.000000000000000000e+00 0.000000000000000000e+00
8.420000000000000000e+02 0.000000000000000000e+00 8.999299999999999500e+01
8.440000000000000000e+02 0.000000000000000000e+00 1.349900000000000091e+02
8.460000000000000000e+02 0.000000000000000000e+00 1.349900000000000091e+02
8.480000000000000000e+02 0.000000000000000000e+00 8.999299999999999500e+01
8.500000000000000000e+02 0.000000000000000000e+00 0.000000000000000000e+00
8.520000000000000000e+02 0.000000000000000000e+00 4.499199999999999733e+01
8.540000000000000000e+02 0.000000000000000000e+00 -4.500000000000000000e+01
8.560000000000000000e+02 0.000000000000000000e+00 0.000000000000000000e+00
8.580000000000000000e+02 0.000000000000000000e+00 0.000000000000000000e+00
8.600000000000000000e+02 0.000000000000000000e+00 0.000000000000000000e+00
8.620000000000000000e+02 0.000000000000000000e+00 -4.500000000000000000e+01
8.640000000000000000e+02 0.000000000000000000e+00 -9.000100000000000477e+01
8.660000000000000000e+02 0.000000000000000000e+00 -9.000100000000000477e+01
8.680000000000000000e+02 0.000000000000000000e+00 0.000000000000000000e+00
8.700000000000000000e+02 0.000000000000000000e+00 0.000000000000000000e+00
8.720000000000000000e+02 4.547499999999999556e-13 0.000000000000000000e+00
8.740000000000000000e+02 4.547499999999999556e-13 -4.500000000000000000e+01
8.760000000000000000e+02 2.273699999999999945e-13 0.000000000000000000e+00
8.780000000000000000e+02 2.273699999999999945e-13 2.655499999999999972e+01
8.800000000000000000e+02 4.547499999999999556e-13 1.842999999999999972e+01
8.820000000000000000e+02 4.547499999999999556e-13 0.000000000000000000e+00
8.840000000000000000e+02 0.000000000000000000e+00 0.000000000000000000e+00
8.860000000000000000e+02 4.547499999999999556e-13 0.000000000000000000e+00
8.880000000000000000e+02 4.547499999999999556e-13 -1.843799999999999883e+01
8.900000000000000000e+02 4.547499999999999556e-13 -1.403899999999999970e+01
8.920000000000000000e+02 6.821200000000000258e-13 1.130499999999999972e+01
8.940000000000000000e+02 1.136899999999999932e-12 0.000000000000000000e+00
8.960000000000000000e+02 9.094999999999999111e-13 0.000000000000000000e+00
8.980000000000000000e+02 1.364199999999999983e-12 -6.343799999999999883e+00
9.000000000000000000e+02 1.818999999999999822e-12 -5.203199999999999825e+00
9.020000000000000000e+02 2.046399999999999843e-12 0.000000000000000000e+00
9.040000000000000000e+02 2.273799999999999863e-12 4.078199999999999825e+00
9.060000000000000000e+02 2.501099999999999915e-12 3.570300000000000029e+00
9.080000000000000000e+02 3.183299999999999977e-12 2.859399999999999942e+00
9.100000000000000000e+02 3.865400000000000069e-12 2.382800000000000029e+00
9.120000000000000000e+02 4.547500000000000161e-12 4.078199999999999825e+00
9.140000000000000000e+02 5.456999999999999871e-12 1.726599999999999913e+00
9.160000000000000000e+02 6.593900000000000004e-12 -2.867199999999999971e+00
9.180000000000000000e+02 7.730800000000000138e-12 -1.218800000000000106e+00
9.200000000000000000e+02 8.867599999999999898e-12 -1.062500000000000000e+00
9.220000000000000000e+02 1.023199999999999921e-11 -9.296900000000000164e-01
9.240000000000000000e+02 1.227800000000000080e-11 -1.554699999999999971e+00
9.260000000000000000e+02 1.432499999999999965e-11 -1.335900000000000087e+00
9.280000000000000000e+02 1.637099999999999961e-11 -5.859400000000000164e-01
9.300000000000000000e+02 1.932699999999999954e-11 0.000000000000000000e+00
9.320000000000000000e+02 2.205499999999999841e-11 0.000000000000000000e+00
9.340000000000000000e+02 2.546600000000000155e-11 0.000000000000000000e+00
9.360000000000000000e+02 2.887700000000000146e-11 -6.640700000000000491e-01
9.380000000000000000e+02 3.251499999999999706e-11 -5.937500000000000000e-01
9.400000000000000000e+02 3.660699999999999699e-11 -2.656299999999999772e-01
9.420000000000000000e+02 4.115499999999999902e-11 -4.687500000000000000e-01
9.440000000000000000e+02 4.547500000000000323e-11 0.000000000000000000e+00
9.460000000000000000e+02 5.002200000000000314e-11 -1.953100000000000114e-01
9.480000000000000000e+02 5.456999999999999871e-11 -1.796899999999999886e-01
9.500000000000000000e+02 5.866299999999999429e-11 -3.281299999999999772e-01
9.520000000000000000e+02 6.298299999999999850e-11 0.000000000000000000e+00
9.540000000000000000e+02 6.639399999999999841e-11 -2.890599999999999836e-01
9.560000000000000000e+02 6.980400000000000266e-11 -2.812500000000000000e-01
9.580000000000000000e+02 7.253299999999999396e-11 -2.656299999999999772e-01
9.600000000000000000e+02 7.412399999999999394e-11 -1.328100000000000114e-01
9.620000000000000000e+02 7.526100000000000253e-11 -2.578099999999999836e-01
9.640000000000000000e+02 7.526100000000000253e-11 -3.828099999999999836e-01
9.660000000000000000e+02 7.457899999999999392e-11 -2.656299999999999772e-01
9.680000000000000000e+02 7.298699999999999828e-11 -5.234400000000000164e-01
9.700000000000000000e+02 7.071400000000000262e-11 -2.734400000000000164e-01
9.720000000000000000e+02 6.730300000000000271e-11 -2.890599999999999836e-01
9.740000000000000000e+02 6.320999999999999420e-11 -1.562500000000000000e-01
9.760000000000000000e+02 5.911799999999999427e-11 -1.640600000000000114e-01
9.780000000000000000e+02 5.434200000000000089e-11 -1.796899999999999886e-01
9.800000000000000000e+02 4.956799999999999882e-11 -1.953100000000000114e-01
9.820000000000000000e+02 4.433800000000000111e-11 0.000000000000000000e+00
9.840000000000000000e+02 3.933600000000000122e-11 0.000000000000000000e+00
9.860000000000000000e+02 3.456099999999999703e-11 -5.546900000000000164e-01
9.880000000000000000e+02 3.046800000000000144e-11 -3.125000000000000000e-01
9.900000000000000000e+02 2.614800000000000046e-11 3.593799999999999772e-01
9.920000000000000000e+02 2.250999999999999839e-11 4.140599999999999836e-01
9.940000000000000000e+02 1.932699999999999954e-11 4.843799999999999772e-01
9.960000000000000000e+02 1.659799999999999854e-11 -5.781300000000000328e-01
9.980000000000000000e+02 1.477900000000000074e-11 -6.484400000000000164e-01
1.000000000000000000e+03 1.295999999999999971e-11 -7.343800000000000328e-01
1.002000000000000000e+03 1.159600000000000027e-11 -1.640600000000000058e+00
1.004000000000000000e+03 1.023199999999999921e-11 0.000000000000000000e+00
1.006000000000000000e+03 9.322400000000000747e-12 0.000000000000000000e+00
1.008000000000000000e+03 8.640300000000000655e-12 1.101599999999999913e+00
1.010000000000000000e+03 7.730800000000000138e-12 0.000000000000000000e+00
1.012000000000000000e+03 7.048599999999999672e-12 1.328100000000000058e+00
1.014000000000000000e+03 6.821200000000000056e-12 0.000000000000000000e+00
1.016000000000000000e+03 6.593900000000000004e-12 -1.437500000000000000e+00
1.018000000000000000e+03 6.139099999999999963e-12 -1.554699999999999971e+00
1.020000000000000000e+03 6.139099999999999963e-12 0.000000000000000000e+00
1.022000000000000000e+03 5.911700000000000346e-12 -1.593800000000000106e+00
1.024000000000000000e+03 5.456999999999999871e-12 -1.687500000000000000e+00
1.026000000000000000e+03 5.456999999999999871e-12 0.000000000000000000e+00
1.028000000000000000e+03 5.229600000000000254e-12 0.000000000000000000e+00
1.030000000000000000e+03 5.229600000000000254e-12 1.781300000000000106e+00
1.032000000000000000e+03 5.002199999999999829e-12 1.843800000000000106e+00
1.034000000000000000e+03 4.774899999999999778e-12 0.000000000000000000e+00
1.036000000000000000e+03 4.547500000000000161e-12 0.000000000000000000e+00
1.038000000000000000e+03 4.547500000000000161e-12 -4.086000000000000298e+00
1.040000000000000000e+03 4.320099999999999737e-12 -4.242200000000000415e+00
1.042000000000000000e+03 4.547500000000000161e-12 0.000000000000000000e+00
1.044000000000000000e+03 4.320099999999999737e-12 4.390699999999999825e+00
1.046000000000000000e+03 4.320099999999999737e-12 0.000000000000000000e+00
1.048000000000000000e+03 4.092700000000000120e-12 0.000000000000000000e+00
1.050000000000000000e+03 8.185499999999999806e-12 -4.578199999999999825e+00
1.052000000000000000e+03 1.500699999999999856e-11 -1.890600000000000058e+00
1.054000000000000000e+03 1.637099999999999961e-11 -1.164099999999999913e+00
1.056000000000000000e+03 2.501100000000000157e-11 0.000000000000000000e+00
1.058000000000000000e+03 2.864900000000000041e-11 -1.000000000000000000e+00
1.060000000000000000e+03 2.614800000000000046e-11 -7.265700000000000491e-01
