8.000000000000000000e+02 1.136899999999999932e-12 0.000000000000000000e+00
8.020000000000000000e+02 4.547499999999999556e-13 -2.656299999999999883e+01
8.040000000000000000e+02 2.273699999999999945e-13 -9.000100000000000477e+01
8.060000000000000000e+02 4.547499999999999556e-13 -1.843799999999999883e+01
8.080000000000000000e+02 0.000000000000000000e+00 1.799900000000000091e+02
8.100000000000000000e+02 2.273699999999999945e-13 -9.000100000000000477e+01
8.120000000000000000e+02 4.547499999999999556e-13 0.000000000000000000e+00
8.140000000000000000e+02 2.273699999999999945e-13 -6.343800000000000239e+01
8.160000000000000000e+02 0.000000000000000000e+00 -1.350000000000000000e+02
8.180000000000000000e+02 0.000000000000000000e+00 -4.500000000000000000e+01
8.200000000000000000e+02 2.273699999999999945e-13 8.999299999999999500e+01
8.220000000000000000e+02 2.273699999999999945e-13 8.999299999999999500e+01
8.240000000000000000e+02 0.000000000000000000e+00 1.349900000000000091e+02
8.260000000000000000e+02 4.547499999999999556e-13 3.368800000000000239e+01
8.280000000000000000e+02 4.547499999999999556e-13 6.342999999999999972e+01
8.300000000000000000e+02 4.547499999999999556e-13 1.842999999999999972e+01
8.320000000000000000e+02 0.000000000000000000e+00 4.499199999999999733e+01
8.340000000000000000e+02 2.273699999999999945e-13 -1.165600000000000023e+02
8.360000000000000000e+02 2.273699999999999945e-13 1.165600000000000023e+02
8.380000000000000000e+02 0.000000000000000000e+00 4.499199999999999733e+01
8.400000000000000000e+02 0.000000000000000000e+00 0.000000000000000000e+00
8.420000000000000000e+02 4.547499999999999556e-13 -4.500000000000000000e+01
8.440000000000000000e+02 4.547499999999999556e-13 -9.000100000000000477e+01
8.460000000000000000e+02 2.273699999999999945e-13 -9.000100000000000477e+01
8.480000000000000000e+02 0.000000000000000000e+00 0.000000000000000000e+00
8.500000000000000000e+02 2.273699999999999945e-13 -9.000100000000000477e+01
8.520000000000000000e+02 2.273699999999999945e-13 1.165600000000000023e+02
8.540000000000000000e+02 2.273699999999999945e-13 -6.343800000000000239e+01
8.560000000000000000e+02 0.000000000000000000e+00 0.000000000000000000e+00
8.580000000000000000e+02 0.000000000000000000e+00 -4.500000000000000000e+01
8.600000000000000000e+02 0.000000000000000000e+00 0.000000000000000000e+00
8.620000000000000000e+02 4.547499999999999556e-13 0.000000000000000000e+00
8.640000000000000000e+02 4.547499999999999556e-13 0.000000000000000000e+00
8.660000000000000000e+02 4.547499999999999556e-13 -3.369599999999999795e+01
8.680000000000000000e+02 4.547499999999999556e-13 -4.500000000000000000e+01
8.700000000000000000e+02 0.000000000000000000e+00 0.000000000000000000e+00
8.720000000000000000e+02 0.000000000000000000e+00 8.999299999999999500e+01
8.740000000000000000e+02 0.000000000000000000e+00 -4.500000000000000000e+01
8.760000000000000000e+02 0.000000000000000000e+00 1.799900000000000091e+02
8.780000000000000000e+02 0.000000000000000000e+00 4.499199999999999733e+01
8.800000000000000000e+02 2.273699999999999945e-13 2.655499999999999972e+01
8.820000000000000000e+02 4.547499999999999556e-13 -1.403899999999999970e+01
8.840000000000000000e+02 0.000000000000000000e+00 8.999299999999999500e+01
8.860000000000000000e+02 0.000000000000000000e+00 -9.000100000000000477e+01
8.880000000000000000e+02 4.547499999999999556e-13 0.000000000000000000e+00
8.900000000000000000e+02 4.547499999999999556e-13 5.630499999999999972e+01
8.920000000000000000e+02 2.273699999999999945e-13 2.655499999999999972e+01
8.940000000000000000e+02 0.000000000000000000e+00 -4.500000000000000000e+01
8.960000000000000000e+02 4.547499999999999556e-13 -1.843799999999999883e+01
8.980000000000000000e+02 4.547499999999999556e-13 2.655499999999999972e+01
9.000000000000000000e+02 9.094999999999999111e-13 -9.468799999999999883e+00
9.020000000000000000e+02 9.094999999999999111e-13 1.842999999999999972e+01
9.040000000000000000e+02 9.094999999999999111e-13 9.461000000000000298e+00
9.060000000000000000e+02 9.094999999999999111e-13 0.000000000000000000e+00
9.080000000000000000e+02 1.136899999999999932e-12 8.125099999999999767e+00
9.100000000000000000e+02 1.591600000000000004e-12 5.711000000000000298e+00
9.120000000000000000e+02 1.364199999999999983e-12 0.000000000000000000e+00
9.140000000000000000e+02 2.046399999999999843e-12 0.000000000000000000e+00
9.160000000000000000e+02 1.818999999999999822e-12 -1.031300000000000061e+01
9.180000000000000000e+02 2.501099999999999915e-12 -3.578100000000000058e+00
9.200000000000000000e+02 2.273799999999999863e-12 0.000000000000000000e+00
9.220000000000000000e+02 2.955899999999999956e-12 3.179699999999999971e+00
9.240000000000000000e+02 3.410600000000000028e-12 -2.726599999999999913e+00
9.260000000000000000e+02 4.547500000000000161e-12 -2.046899999999999942e+00
9.280000000000000000e+02 5.229600000000000254e-12 -1.789099999999999913e+00
9.300000000000000000e+02 5.911700000000000346e-12 0.000000000000000000e+00
9.320000000000000000e+02 6.139099999999999963e-12 3.007800000000000029e+00
9.340000000000000000e+02 6.821200000000000056e-12 0.000000000000000000e+00
9.360000000000000000e+02 7.958099999999999381e-12 0.000000000000000000e+00
9.380000000000000000e+02 8.867599999999999898e-12 -1.062500000000000000e+00
9.400000000000000000e+02 1.023199999999999921e-11 -1.851599999999999913e+00
9.420000000000000000e+02 1.136899999999999972e-11 -8.281300000000000328e-01
9.440000000000000000e+02 1.250600000000000023e-11 7.500000000000000000e-01
9.460000000000000000e+02 1.409700000000000021e-11 -1.351599999999999913e+00
9.480000000000000000e+02 1.591599999999999963e-11 -1.789099999999999913e+00
9.500000000000000000e+02 1.705299999999999852e-11 -1.117199999999999971e+00
9.520000000000000000e+02 1.909899999999999849e-11 -1.000000000000000000e+00
9.540000000000000000e+02 2.114600000000000057e-11 -8.984400000000000164e-01
9.560000000000000000e+02 2.228299999999999946e-11 0.000000000000000000e+00
9.580000000000000000e+02 2.432899999999999943e-11 -1.179699999999999971e+00
9.600000000000000000e+02 2.637600000000000151e-11 -3.671900000000000164e-01
9.620000000000000000e+02 2.751200000000000152e-11 0.000000000000000000e+00
9.640000000000000000e+02 2.933099999999999932e-11 0.000000000000000000e+00
9.660000000000000000e+02 3.069599999999999926e-11 -6.250000000000000000e-01
9.680000000000000000e+02 3.251499999999999706e-11 2.890599999999999836e-01
9.700000000000000000e+02 3.342400000000000137e-11 -2.890599999999999836e-01
9.720000000000000000e+02 3.456099999999999703e-11 -2.812500000000000000e-01
9.740000000000000000e+02 3.547000000000000133e-11 -2.734400000000000164e-01
9.760000000000000000e+02 3.501599999999999701e-11 -2.734400000000000164e-01
9.780000000000000000e+02 3.524299999999999917e-11 -2.734400000000000164e-01
9.800000000000000000e+02 3.547000000000000133e-11 -5.468800000000000328e-01
9.820000000000000000e+02 3.433400000000000133e-11 -2.812500000000000000e-01
9.840000000000000000e+02 3.296900000000000139e-11 -1.445300000000000029e+00
9.860000000000000000e+02 3.160499999999999710e-11 -3.046900000000000164e-01
9.880000000000000000e+02 3.046800000000000144e-11 -1.882800000000000029e+00
9.900000000000000000e+02 2.819400000000000043e-11 -1.015600000000000058e+00
9.920000000000000000e+02 2.660300000000000044e-11 -1.437500000000000000e+00
9.940000000000000000e+02 2.432899999999999943e-11 -7.812500000000000000e-01
9.960000000000000000e+02 2.182799999999999948e-11 -1.304699999999999971e+00
9.980000000000000000e+02 1.955399999999999847e-11 0.000000000000000000e+00
1.000000000000000000e+03 1.773500000000000067e-11 0.000000000000000000e+00
1.002000000000000000e+03 1.546199999999999854e-11 6.093800000000000328e-01
1.004000000000000000e+03 1.295999999999999971e-11 7.187500000000000000e-01
1.006000000000000000e+03 1.159600000000000027e-11 -1.640600000000000058e+00
1.008000000000000000e+03 1.023199999999999921e-11 -1.851599999999999913e+00
1.010000000000000000e+03 8.867599999999999898e-12 0.000000000000000000e+00
1.012000000000000000e+03 7.275999999999999289e-12 0.000000000000000000e+00
1.014000000000000000e+03 6.366500000000000388e-12 -4.398500000000000298e+00
1.016000000000000000e+03 5.456999999999999871e-12 -3.468799999999999883e+00
1.018000000000000000e+03 4.774899999999999778e-12 -5.906299999999999883e+00
1.020000000000000000e+03 4.774899999999999778e-12 -3.945300000000000029e+00
1.022000000000000000e+03 4.092700000000000120e-12 -6.843799999999999883e+00
1.024000000000000000e+03 3.183299999999999977e-12 -5.718799999999999883e+00
1.026000000000000000e+03 2.955899999999999956e-12 -3.015600000000000058e+00
1.028000000000000000e+03 2.728499999999999935e-12 -6.711000000000000298e+00
1.030000000000000000e+03 2.728499999999999935e-12 -1.000799999999999912e+01
1.032000000000000000e+03 2.273799999999999863e-12 -7.601600000000000357e+00
1.034000000000000000e+03 2.273799999999999863e-12 3.812500000000000000e+00
1.036000000000000000e+03 2.273799999999999863e-12 7.593799999999999883e+00
1.038000000000000000e+03 1.818999999999999822e-12 -4.765699999999999825e+00
1.040000000000000000e+03 1.818999999999999822e-12 -5.203199999999999825e+00
1.042000000000000000e+03 1.818999999999999822e-12 -9.468799999999999883e+00
1.044000000000000000e+03 1.818999999999999822e-12 -9.468799999999999883e+00
1.046000000000000000e+03 1.818999999999999822e-12 1.030499999999999972e+01
1.048000000000000000e+03 2.046399999999999843e-12 0.000000000000000000e+00
1.050000000000000000e+03 6.139099999999999963e-12 0.000000000000000000e+00
1.052000000000000000e+03 1.250600000000000023e-11 0.000000000000000000e+00
1.054000000000000000e+03 1.364200000000000023e-11 -1.398400000000000087e+00
1.056000000000000000e+03 2.137299999999999950e-11 -2.664099999999999913e+00
1.058000000000000000e+03 2.432899999999999943e-11 -1.562500000000000000e+00
1.060000000000000000e+03 2.342000000000000158e-11 -1.632800000000000029e+00
