8.000000000000000000e+02 2.273799999999999863e-12 0.000000000000000000e+00
8.020000000000000000e+02 1.818999999999999822e-12 0.000000000000000000e+00
8.040000000000000000e+02 1.136899999999999932e-12 -8.132899999999999352e+00
8.060000000000000000e+02 6.821200000000000258e-13 1.130499999999999972e+01
8.080000000000000000e+02 4.547499999999999556e-13 3.368800000000000239e+01
8.100000000000000000e+02 0.000000000000000000e+00 0.000000000000000000e+00
8.120000000000000000e+02 0.000000000000000000e+00 0.000000000000000000e+00
8.140000000000000000e+02 0.000000000000000000e+00 -9.000100000000000477e+01
8.160000000000000000e+02 0.000000000000000000e+00 0.000000000000000000e+00
8.180000000000000000e+02 2.273699999999999945e-13 0.000000000000000000e+00
8.200000000000000000e+02 2.273699999999999945e-13 0.000000000000000000e+00
8.220000000000000000e+02 2.273699999999999945e-13 -2.656299999999999883e+01
8.240000000000000000e+02 4.547499999999999556e-13 -4.500000000000000000e+01
8.260000000000000000e+02 0.000000000000000000e+00 0.000000000000000000e+00
8.280000000000000000e+02 2.273699999999999945e-13 0.000000000000000000e+00
8.300000000000000000e+02 0.000000000000000000e+00 -9.000100000000000477e+01
8.320000000000000000e+02 0.000000000000000000e+00 0.000000000000000000e+00
8.340000000000000000e+02 0.000000000000000000e+00 -4.500000000000000000e+01
8.360000000000000000e+02 2.273699999999999945e-13 -2.656299999999999883e+01
8.380000000000000000e+02 2.273699999999999945e-13 -2.656299999999999883e+01
8.400000000000000000e+02 0.000000000000000000e+00 -4.500000000000000000e+01
8.420000000000000000e+02 0.000000000000000000e+00 0.000000000000000000e+00
8.440000000000000000e+02 2.273699999999999945e-13 0.000000000000000000e+00
8.460000000000000000e+02 4.547499999999999556e-13 -4.500000000000000000e+01
8.480000000000000000e+02 2.273699999999999945e-13 0.000000000000000000e+00
8.500000000000000000e+02 2.273699999999999945e-13 0.000000000000000000e+00
8.520000000000000000e+02 0.000000000000000000e+00 -4.500000000000000000e+01
8.540000000000000000e+02 0.000000000000000000e+00 -9.000100000000000477e+01
8.560000000000000000e+02 2.273699999999999945e-13 0.000000000000000000e+00
8.580000000000000000e+02 0.000000000000000000e+00 0.000000000000000000e+00
8.600000000000000000e+02 0.000000000000000000e+00 -9.000100000000000477e+01
8.620000000000000000e+02 2.273699999999999945e-13 0.000000000000000000e+00
8.640000000000000000e+02 4.547499999999999556e-13 0.000000000000000000e+00
8.660000000000000000e+02 2.273699999999999945e-13 2.655499999999999972e+01
8.680000000000000000e+02 2.273699999999999945e-13 -2.656299999999999883e+01
8.700000000000000000e+02 4.547499999999999556e-13 0.000000000000000000e+00
8.720000000000000000e+02 4.547499999999999556e-13 0.000000000000000000e+00
8.740000000000000000e+02 2.273699999999999945e-13 0.000000000000000000e+00
8.760000000000000000e+02 4.547499999999999556e-13 1.842999999999999972e+01
8.780000000000000000e+02 4.547499999999999556e-13 0.000000000000000000e+00
8.800000000000000000e+02 2.273699999999999945e-13 0.000000000000000000e+00
8.820000000000000000e+02 4.547499999999999556e-13 -1.403899999999999970e+01
8.840000000000000000e+02 9.094999999999999111e-13 -9.468799999999999883e+00
8.860000000000000000e+02 9.094999999999999111e-13 0.000000000000000000e+00
8.880000000000000000e+02 9.094999999999999111e-13 -9.468799999999999883e+00
8.900000000000000000e+02 9.094999999999999111e-13 0.000000000000000000e+00
8.920000000000000000e+02 1.364199999999999983e-12 0.000000000000000000e+00
8.940000000000000000e+02 1.818999999999999822e-12 0.000000000000000000e+00
8.960000000000000000e+02 1.818999999999999822e-12 4.757799999999999585e+00
8.980000000000000000e+02 2.273799999999999863e-12 -3.820300000000000029e+00
9.000000000000000000e+02 2.955899999999999956e-12 3.179699999999999971e+00
9.020000000000000000e+02 3.183299999999999977e-12 0.000000000000000000e+00
9.040000000000000000e+02 4.092700000000000120e-12 2.289099999999999913e+00
9.060000000000000000e+02 4.774899999999999778e-12 0.000000000000000000e+00
9.080000000000000000e+02 5.911700000000000346e-12 -3.187500000000000000e+00
9.100000000000000000e+02 6.821200000000000056e-12 -2.726599999999999913e+00
9.120000000000000000e+02 8.185499999999999806e-12 -2.296899999999999942e+00
9.140000000000000000e+02 9.777100000000000415e-12 -1.914099999999999913e+00
9.160000000000000000e+02 1.182399999999999970e-11 -8.125000000000000000e-01
9.180000000000000000e+02 1.432499999999999965e-11 -6.718800000000000328e-01
9.200000000000000000e+02 1.705299999999999852e-11 -5.625000000000000000e-01
9.220000000000000000e+02 2.000899999999999845e-11 -4.765599999999999836e-01
9.240000000000000000e+02 2.410200000000000050e-11 -3.984400000000000164e-01
9.260000000000000000e+02 2.864900000000000041e-11 -3.359400000000000164e-01
9.280000000000000000e+02 3.296900000000000139e-11 -5.781300000000000328e-01
9.300000000000000000e+02 3.865399999999999907e-11 -7.500000000000000000e-01
9.320000000000000000e+02 4.411099999999999894e-11 -6.484400000000000164e-01
9.340000000000000000e+02 5.047700000000000312e-11 -3.828099999999999836e-01
9.360000000000000000e+02 5.729800000000000081e-11 -5.000000000000000000e-01
9.380000000000000000e+02 6.434700000000000279e-11 -6.015700000000000491e-01
9.400000000000000000e+02 7.230500000000000260e-11 -6.640700000000000491e-01
9.420000000000000000e+02 8.026300000000000242e-11 -6.015700000000000491e-01
9.440000000000000000e+02 8.753899999999999363e-11 -3.281299999999999772e-01
9.460000000000000000e+02 9.504300000000000205e-11 -2.031300000000000050e-01
9.480000000000000000e+02 1.025499999999999974e-10 -1.875000000000000000e-01
9.500000000000000000e+02 1.086800000000000062e-10 -1.796899999999999886e-01
9.520000000000000000e+02 1.141400000000000060e-10 -8.593800000000000050e-02
9.540000000000000000e+02 1.180099999999999885e-10 -2.421899999999999886e-01
9.560000000000000000e+02 1.202799999999999972e-10 -3.203099999999999836e-01
9.580000000000000000e+02 1.214200000000000057e-10 -2.343800000000000050e-01
9.600000000000000000e+02 1.209599999999999886e-10 -2.343800000000000050e-01
9.620000000000000000e+02 1.186900000000000058e-10 -1.640600000000000114e-01
9.640000000000000000e+02 1.155099999999999971e-10 -1.640600000000000114e-01
9.660000000000000000e+02 1.102800000000000059e-10 0.000000000000000000e+00
9.680000000000000000e+02 1.045899999999999976e-10 -9.375100000000000100e-02
9.700000000000000000e+02 9.731599999999999771e-11 9.375100000000000100e-02
9.720000000000000000e+02 8.958600000000000218e-11 1.015599999999999975e-01
9.740000000000000000e+02 8.139999999999999808e-11 0.000000000000000000e+00
9.760000000000000000e+02 7.298699999999999828e-11 0.000000000000000000e+00
9.780000000000000000e+02 6.480200000000000277e-11 1.406300000000000050e-01
9.800000000000000000e+02 5.684400000000000295e-11 3.359400000000000164e-01
9.820000000000000000e+02 4.956799999999999882e-11 3.828099999999999836e-01
9.840000000000000000e+02 4.274599999999999901e-11 0.000000000000000000e+00
9.860000000000000000e+02 3.706199999999999697e-11 0.000000000000000000e+00
9.880000000000000000e+02 3.205999999999999708e-11 -2.968799999999999772e-01
9.900000000000000000e+02 2.728499999999999935e-11 -3.515599999999999836e-01
9.920000000000000000e+02 2.410200000000000050e-11 0.000000000000000000e+00
9.940000000000000000e+02 2.091899999999999841e-11 4.531299999999999772e-01
9.960000000000000000e+02 1.819000000000000065e-11 0.000000000000000000e+00
9.980000000000000000e+02 1.614400000000000068e-11 -5.937500000000000000e-01
1.000000000000000000e+03 1.432499999999999965e-11 0.000000000000000000e+00
1.002000000000000000e+03 1.295999999999999971e-11 -7.265700000000000491e-01
1.004000000000000000e+03 1.227800000000000080e-11 0.000000000000000000e+00
1.006000000000000000e+03 1.114100000000000029e-11 -8.515700000000000491e-01
1.008000000000000000e+03 1.068699999999999919e-11 -8.828200000000000491e-01
1.010000000000000000e+03 1.023199999999999921e-11 -1.851599999999999913e+00
1.012000000000000000e+03 9.777100000000000415e-12 0.000000000000000000e+00
1.014000000000000000e+03 9.549699999999999991e-12 -1.976599999999999913e+00
1.016000000000000000e+03 9.322400000000000747e-12 -1.023400000000000087e+00
1.018000000000000000e+03 8.640300000000000655e-12 1.078100000000000058e+00
1.020000000000000000e+03 8.640300000000000655e-12 0.000000000000000000e+00
1.022000000000000000e+03 8.640300000000000655e-12 1.101599999999999913e+00
1.024000000000000000e+03 8.185499999999999806e-12 0.000000000000000000e+00
1.026000000000000000e+03 7.958099999999999381e-12 0.000000000000000000e+00
1.028000000000000000e+03 7.958099999999999381e-12 -1.195300000000000029e+00
1.030000000000000000e+03 7.503399999999999713e-12 -1.250000000000000000e+00
1.032000000000000000e+03 7.730800000000000138e-12 -1.218800000000000106e+00
1.034000000000000000e+03 7.275999999999999289e-12 -1.304699999999999971e+00
1.036000000000000000e+03 7.275999999999999289e-12 -1.273400000000000087e+00
1.038000000000000000e+03 7.275999999999999289e-12 1.265600000000000058e+00
1.040000000000000000e+03 7.275999999999999289e-12 1.296899999999999942e+00
1.042000000000000000e+03 6.821200000000000056e-12 1.390600000000000058e+00
1.044000000000000000e+03 6.821200000000000056e-12 1.390600000000000058e+00
1.046000000000000000e+03 6.821200000000000056e-12 1.390600000000000058e+00
1.048000000000000000e+03 6.821200000000000056e-12 1.390600000000000058e+00
1.050000000000000000e+03 1.728000000000000069e-11 -3.304699999999999971e+00
1.052000000000000000e+03 2.455600000000000159e-11 1.546899999999999942e+00
1.054000000000000000e+03 2.933099999999999932e-11 1.937500000000000000e+00
1.056000000000000000e+03 5.025000000000000096e-11 2.648400000000000087e+00
1.058000000000000000e+03 5.957199999999999860e-11 1.601599999999999913e+00
1.060000000000000000e+03 5.320600000000000088e-11 8.906300000000000328e-01
