8.000000000000000000e+02 6.139099999999999963e-12 -1.554699999999999971e+00
8.020000000000000000e+02 3.410600000000000028e-12 2.718799999999999883e+00
8.040000000000000000e+02 1.818999999999999822e-12 -4.765699999999999825e+00
8.060000000000000000e+02 6.821200000000000258e-13 -1.131300000000000061e+01
8.080000000000000000e+02 6.821200000000000258e-13 -2.180499999999999972e+01
8.100000000000000000e+02 4.547499999999999556e-13 -1.403899999999999970e+01
8.120000000000000000e+02 4.547499999999999556e-13 -2.656299999999999883e+01
8.140000000000000000e+02 4.547499999999999556e-13 5.630499999999999972e+01
8.160000000000000000e+02 9.094999999999999111e-13 -9.468799999999999883e+00
8.180000000000000000e+02 1.136899999999999932e-12 1.594500000000000028e+01
8.200000000000000000e+02 1.136899999999999932e-12 2.319500000000000028e+01
8.220000000000000000e+02 1.136899999999999932e-12 0.000000000000000000e+00
8.240000000000000000e+02 1.364199999999999983e-12 1.842999999999999972e+01
8.260000000000000000e+02 1.136899999999999932e-12 1.403100000000000058e+01
8.280000000000000000e+02 9.094999999999999111e-13 3.096099999999999852e+01
8.300000000000000000e+02 1.136899999999999932e-12 -8.132899999999999352e+00
8.320000000000000000e+02 1.136899999999999932e-12 -8.132899999999999352e+00
8.340000000000000000e+02 1.591600000000000004e-12 -2.396900000000000119e+01
8.360000000000000000e+02 1.818999999999999822e-12 -5.203199999999999825e+00
8.380000000000000000e+02 1.136899999999999932e-12 0.000000000000000000e+00
8.400000000000000000e+02 2.046399999999999843e-12 -1.843799999999999883e+01
8.420000000000000000e+02 2.046399999999999843e-12 0.000000000000000000e+00
8.440000000000000000e+02 1.818999999999999822e-12 0.000000000000000000e+00
8.460000000000000000e+02 1.364199999999999983e-12 0.000000000000000000e+00
8.480000000000000000e+02 1.591600000000000004e-12 -1.131300000000000061e+01
8.500000000000000000e+02 2.046399999999999843e-12 -8.750099999999999767e+00
8.520000000000000000e+02 1.818999999999999822e-12 -5.203199999999999825e+00
8.540000000000000000e+02 2.046399999999999843e-12 4.390699999999999825e+00
8.560000000000000000e+02 1.818999999999999822e-12 0.000000000000000000e+00
8.580000000000000000e+02 2.273799999999999863e-12 -8.132899999999999352e+00
8.600000000000000000e+02 2.273799999999999863e-12 4.078199999999999825e+00
8.620000000000000000e+02 2.046399999999999843e-12 -8.750099999999999767e+00
8.640000000000000000e+02 2.046399999999999843e-12 -4.398500000000000298e+00
8.660000000000000000e+02 1.818999999999999822e-12 0.000000000000000000e+00
8.680000000000000000e+02 1.818999999999999822e-12 9.461000000000000298e+00
8.700000000000000000e+02 2.501099999999999915e-12 -7.125000000000000000e+00
8.720000000000000000e+02 2.501099999999999915e-12 0.000000000000000000e+00
8.740000000000000000e+02 2.728499999999999935e-12 -6.711000000000000298e+00
8.760000000000000000e+02 2.273799999999999863e-12 -4.086000000000000298e+00
8.780000000000000000e+02 2.273799999999999863e-12 -1.131300000000000061e+01
8.800000000000000000e+02 2.728499999999999935e-12 -3.367199999999999971e+00
8.820000000000000000e+02 2.728499999999999935e-12 3.359399999999999942e+00
8.840000000000000000e+02 2.273799999999999863e-12 0.000000000000000000e+00
8.860000000000000000e+02 2.955899999999999956e-12 -6.015699999999999825e+00
8.880000000000000000e+02 2.955899999999999956e-12 -6.015699999999999825e+00
8.900000000000000000e+02 2.955899999999999956e-12 0.000000000000000000e+00
8.920000000000000000e+02 3.637999999999999645e-12 -5.203199999999999825e+00
8.940000000000000000e+02 4.547500000000000161e-12 -4.086000000000000298e+00
8.960000000000000000e+02 5.456999999999999871e-12 5.195299999999999585e+00
8.980000000000000000e+02 7.048599999999999672e-12 0.000000000000000000e+00
9.000000000000000000e+02 7.958099999999999381e-12 -1.195300000000000029e+00
9.020000000000000000e+02 1.114100000000000029e-11 0.000000000000000000e+00
9.040000000000000000e+02 1.409700000000000021e-11 2.687500000000000000e+00
9.060000000000000000e+02 1.819000000000000065e-11 5.156300000000000328e-01
9.080000000000000000e+02 2.432899999999999943e-11 7.734400000000000164e-01
9.100000000000000000e+02 3.251499999999999706e-11 5.859400000000000164e-01
9.120000000000000000e+02 4.229200000000000114e-11 -4.531299999999999772e-01
9.140000000000000000e+02 5.547900000000000301e-11 -1.796899999999999886e-01
9.160000000000000000e+02 7.207799999999999398e-11 2.578099999999999836e-01
9.180000000000000000e+02 9.231399999999999782e-11 -1.093800000000000050e-01
9.200000000000000000e+02 1.170999999999999885e-10 -2.500000000000000000e-01
9.220000000000000000e+02 1.455200000000000052e-10 -2.656299999999999772e-01
9.240000000000000000e+02 1.784899999999999957e-10 -2.187500000000000000e-01
9.260000000000000000e+02 2.151000000000000120e-10 -3.125000000000000000e-01
9.280000000000000000e+02 2.546599999999999767e-10 -4.921900000000000164e-01
9.300000000000000000e+02 2.958099999999999846e-10 -5.468800000000000328e-01
9.320000000000000000e+02 3.369699999999999748e-10 -6.796900000000000164e-01
9.340000000000000000e+02 3.751700000000000083e-10 -6.640700000000000491e-01
9.360000000000000000e+02 4.117799999999999987e-10 -6.796900000000000164e-01
9.380000000000000000e+02 4.426999999999999809e-10 -7.578200000000000491e-01
9.400000000000000000e+02 4.661200000000000406e-10 -7.265700000000000491e-01
9.420000000000000000e+02 4.834000000000000057e-10 -8.593800000000000328e-01
9.440000000000000000e+02 4.879499999999999538e-10 -8.437500000000000000e-01
9.460000000000000000e+02 4.834000000000000057e-10 -8.750000000000000000e-01
9.480000000000000000e+02 4.699900000000000490e-10 -9.609400000000000164e-01
9.500000000000000000e+02 4.467900000000000153e-10 -1.007800000000000029e+00
9.520000000000000000e+02 4.181400000000000160e-10 -9.375000000000000000e-01
9.540000000000000000e+02 3.813099999999999995e-10 -8.828200000000000491e-01
9.560000000000000000e+02 3.431100000000000177e-10 -9.765700000000000491e-01
9.580000000000000000e+02 3.030899999999999842e-10 -8.281300000000000328e-01
9.600000000000000000e+02 2.628499999999999764e-10 -8.750000000000000000e-01
9.620000000000000000e+02 2.271500000000000118e-10 -8.046900000000000164e-01
9.640000000000000000e+02 1.932699999999999954e-10 -8.906300000000000328e-01
9.660000000000000000e+02 1.630300000000000047e-10 -5.937500000000000000e-01
9.680000000000000000e+02 1.368799999999999967e-10 -7.734400000000000164e-01
9.700000000000000000e+02 1.150500000000000060e-10 -8.281300000000000328e-01
9.720000000000000000e+02 9.731599999999999771e-11 -4.921900000000000164e-01
9.740000000000000000e+02 8.185499999999999806e-11 -4.687500000000000000e-01
9.760000000000000000e+02 6.957699999999999403e-11 -6.875000000000000000e-01
9.780000000000000000e+02 6.002699999999999858e-11 -4.765599999999999836e-01
9.800000000000000000e+02 5.206899999999999876e-11 -7.343800000000000328e-01
9.820000000000000000e+02 4.661199999999999889e-11 -1.023400000000000087e+00
9.840000000000000000e+02 4.115499999999999902e-11 -1.156300000000000106e+00
9.860000000000000000e+02 3.706199999999999697e-11 0.000000000000000000e+00
9.880000000000000000e+02 3.456099999999999703e-11 -1.109399999999999942e+00
9.900000000000000000e+02 3.228699999999999924e-11 -8.828200000000000491e-01
9.920000000000000000e+02 3.092300000000000142e-11 -3.125000000000000000e-01
9.940000000000000000e+02 2.887700000000000146e-11 0.000000000000000000e+00
9.960000000000000000e+02 2.819400000000000043e-11 -1.351599999999999913e+00
9.980000000000000000e+02 2.660300000000000044e-11 -1.437500000000000000e+00
1.000000000000000000e+03 2.614800000000000046e-11 -7.265700000000000491e-01
1.002000000000000000e+03 2.546600000000000155e-11 3.671900000000000164e-01
1.004000000000000000e+03 2.432899999999999943e-11 -3.906299999999999772e-01
1.006000000000000000e+03 2.364700000000000052e-11 -8.046900000000000164e-01
1.008000000000000000e+03 2.342000000000000158e-11 -4.140599999999999836e-01
1.010000000000000000e+03 2.319200000000000054e-11 -1.640600000000000058e+00
1.012000000000000000e+03 2.273799999999999944e-11 -2.093799999999999883e+00
1.014000000000000000e+03 2.228299999999999946e-11 -1.273400000000000087e+00
1.016000000000000000e+03 2.205499999999999841e-11 4.296900000000000164e-01
1.018000000000000000e+03 2.114600000000000057e-11 -9.062500000000000000e-01
1.020000000000000000e+03 2.023600000000000061e-11 4.609400000000000164e-01
1.022000000000000000e+03 2.046399999999999843e-11 -9.296900000000000164e-01
1.024000000000000000e+03 1.955399999999999847e-11 4.843799999999999772e-01
1.026000000000000000e+03 1.887199999999999956e-11 -5.078200000000000491e-01
1.028000000000000000e+03 1.864500000000000063e-11 0.000000000000000000e+00
1.030000000000000000e+03 1.796299999999999848e-11 -2.101599999999999913e+00
1.032000000000000000e+03 1.750799999999999850e-11 -2.703100000000000058e+00
1.034000000000000000e+03 1.705299999999999852e-11 -5.625000000000000000e-01
1.036000000000000000e+03 1.614400000000000068e-11 -1.171899999999999942e+00
1.038000000000000000e+03 1.568900000000000070e-11 -2.414099999999999913e+00
1.040000000000000000e+03 1.568900000000000070e-11 -1.812500000000000000e+00
1.042000000000000000e+03 1.568900000000000070e-11 0.000000000000000000e+00
1.044000000000000000e+03 1.455199999999999858e-11 6.484400000000000164e-01
1.046000000000000000e+03 1.477900000000000074e-11 -6.406300000000000328e-01
1.048000000000000000e+03 1.386999999999999967e-11 1.359399999999999942e+00
1.050000000000000000e+03 4.593000000000000321e-11 1.242199999999999971e+00
1.052000000000000000e+03 5.502499999999999869e-11 1.554699999999999971e+00
1.054000000000000000e+03 5.911799999999999427e-11 -4.843799999999999772e-01
1.056000000000000000e+03 8.731199999999999793e-11 2.109399999999999886e-01
1.058000000000000000e+03 1.052700000000000020e-10 -6.406300000000000328e-01
1.060000000000000000e+03 9.390600000000000639e-11 -7.187500000000000000e-01
