8.000000000000000000e+02 6.366500000000000388e-12 -4.398500000000000298e+00
8.020000000000000000e+02 2.955899999999999956e-12 8.968799999999999883e+00
8.040000000000000000e+02 2.273799999999999863e-12 0.000000000000000000e+00
8.060000000000000000e+02 1.591600000000000004e-12 -5.718799999999999883e+00
8.080000000000000000e+02 9.094999999999999111e-13 9.461000000000000298e+00
8.100000000000000000e+02 9.094999999999999111e-13 -3.096900000000000119e+01
8.120000000000000000e+02 9.094999999999999111e-13 -1.843799999999999883e+01
8.140000000000000000e+02 4.547499999999999556e-13 0.000000000000000000e+00
8.160000000000000000e+02 6.821200000000000258e-13 -1.131300000000000061e+01
8.180000000000000000e+02 1.818999999999999822e-12 1.525000000000000000e+01
8.200000000000000000e+02 1.364199999999999983e-12 1.842999999999999972e+01
8.220000000000000000e+02 2.046399999999999843e-12 -8.750099999999999767e+00
8.240000000000000000e+02 2.273799999999999863e-12 -3.820300000000000029e+00
8.260000000000000000e+02 2.955899999999999956e-12 0.000000000000000000e+00
8.280000000000000000e+02 2.501099999999999915e-12 -1.062500000000000000e+01
8.300000000000000000e+02 2.955899999999999956e-12 -9.468799999999999883e+00
8.320000000000000000e+02 2.955899999999999956e-12 3.007800000000000029e+00
8.340000000000000000e+02 3.183299999999999977e-12 -8.539099999999999469e+00
8.360000000000000000e+02 3.410600000000000028e-12 -1.078899999999999970e+01
8.380000000000000000e+02 3.637999999999999645e-12 -7.437500000000000000e+00
8.400000000000000000e+02 4.092700000000000120e-12 -2.296899999999999942e+00
8.420000000000000000e+02 4.092700000000000120e-12 0.000000000000000000e+00
8.440000000000000000e+02 4.320099999999999737e-12 0.000000000000000000e+00
8.460000000000000000e+02 3.410600000000000028e-12 2.718799999999999883e+00
8.480000000000000000e+02 4.092700000000000120e-12 -4.578199999999999825e+00
8.500000000000000000e+02 4.092700000000000120e-12 -2.296899999999999942e+00
8.520000000000000000e+02 4.320099999999999737e-12 0.000000000000000000e+00
8.540000000000000000e+02 3.637999999999999645e-12 7.429700000000000415e+00
8.560000000000000000e+02 3.637999999999999645e-12 7.757799999999999585e+00
8.580000000000000000e+02 3.637999999999999645e-12 0.000000000000000000e+00
8.600000000000000000e+02 3.637999999999999645e-12 9.859400000000000830e+00
8.620000000000000000e+02 4.320099999999999737e-12 2.117199999999999971e+00
8.640000000000000000e+02 4.092700000000000120e-12 2.289099999999999913e+00
8.660000000000000000e+02 4.092700000000000120e-12 6.836000000000000298e+00
8.680000000000000000e+02 3.637999999999999645e-12 0.000000000000000000e+00
8.700000000000000000e+02 3.410600000000000028e-12 5.437500000000000000e+00
8.720000000000000000e+02 3.410600000000000028e-12 0.000000000000000000e+00
8.740000000000000000e+02 3.410600000000000028e-12 -5.445299999999999585e+00
8.760000000000000000e+02 3.410600000000000028e-12 -5.445299999999999585e+00
8.780000000000000000e+02 3.637999999999999645e-12 -4.968799999999999883e+00
8.800000000000000000e+02 3.637999999999999645e-12 -7.437500000000000000e+00
8.820000000000000000e+02 3.637999999999999645e-12 5.195299999999999585e+00
8.840000000000000000e+02 4.092700000000000120e-12 2.289099999999999913e+00
8.860000000000000000e+02 3.410600000000000028e-12 2.718799999999999883e+00
8.880000000000000000e+02 3.637999999999999645e-12 -5.203199999999999825e+00
8.900000000000000000e+02 4.092700000000000120e-12 -4.578199999999999825e+00
8.920000000000000000e+02 3.865400000000000069e-12 2.382800000000000029e+00
8.940000000000000000e+02 4.774899999999999778e-12 -1.914099999999999913e+00
8.960000000000000000e+02 5.911700000000000346e-12 0.000000000000000000e+00
8.980000000000000000e+02 7.275999999999999289e-12 2.601599999999999913e+00
9.000000000000000000e+02 9.322400000000000747e-12 2.007800000000000029e+00
9.020000000000000000e+02 1.227800000000000080e-11 -1.554699999999999971e+00
9.040000000000000000e+02 1.637099999999999961e-11 -1.734399999999999942e+00
9.060000000000000000e+02 2.250999999999999839e-11 -4.218799999999999772e-01
9.080000000000000000e+02 3.092300000000000142e-11 3.046900000000000164e-01
9.100000000000000000e+02 4.206399999999999686e-11 6.718800000000000328e-01
9.120000000000000000e+02 5.752599999999999863e-11 4.921900000000000164e-01
9.140000000000000000e+02 7.776200000000000247e-11 1.171900000000000025e-01
9.160000000000000000e+02 1.039100000000000062e-10 8.593800000000000050e-02
9.180000000000000000e+02 1.359699999999999968e-10 -7.812600000000000100e-02
9.200000000000000000e+02 1.743999999999999871e-10 -1.093800000000000050e-01
9.220000000000000000e+02 2.200999999999999947e-10 -1.796899999999999886e-01
9.240000000000000000e+02 2.719399999999999936e-10 -4.218799999999999772e-01
9.260000000000000000e+02 3.301499999999999921e-10 -4.687500000000000000e-01
9.280000000000000000e+02 3.924500000000000251e-10 -5.625000000000000000e-01
9.300000000000000000e+02 4.549800000000000150e-10 -5.468800000000000328e-01
9.320000000000000000e+02 5.177300000000000309e-10 -7.031300000000000328e-01
9.340000000000000000e+02 5.707099999999999865e-10 -7.421900000000000164e-01
9.360000000000000000e+02 6.196000000000000110e-10 -8.359400000000000164e-01
9.380000000000000000e+02 6.568899999999999929e-10 -8.906300000000000328e-01
9.400000000000000000e+02 6.793999999999999493e-10 -8.593800000000000328e-01
9.420000000000000000e+02 6.905399999999999749e-10 -9.687500000000000000e-01
9.440000000000000000e+02 6.818999999999999924e-10 -9.609400000000000164e-01
9.460000000000000000e+02 6.607500000000000189e-10 -9.687500000000000000e-01
9.480000000000000000e+02 6.273300000000000454e-10 -9.375000000000000000e-01
9.500000000000000000e+02 5.834400000000000036e-10 -1.039099999999999913e+00
9.520000000000000000e+02 5.325099999999999530e-10 -1.078100000000000058e+00
9.540000000000000000e+02 4.756699999999999714e-10 -1.046899999999999942e+00
9.560000000000000000e+02 4.199600000000000160e-10 -9.609400000000000164e-01
9.580000000000000000e+02 3.647100000000000258e-10 -9.218800000000000328e-01
9.600000000000000000e+02 3.121899999999999838e-10 -8.906300000000000328e-01
9.620000000000000000e+02 2.655699999999999939e-10 -9.375000000000000000e-01
9.640000000000000000e+02 2.237399999999999946e-10 -9.843800000000000328e-01
9.660000000000000000e+02 1.882700000000000126e-10 -9.140700000000000491e-01
9.680000000000000000e+02 1.577999999999999876e-10 -9.062500000000000000e-01
9.700000000000000000e+02 1.327899999999999881e-10 -7.968800000000000328e-01
9.720000000000000000e+02 1.123200000000000061e-10 -8.593800000000000328e-01
9.740000000000000000e+02 9.572499999999999773e-11 -3.984400000000000164e-01
9.760000000000000000e+02 8.230999999999999804e-11 -2.343800000000000050e-01
9.780000000000000000e+02 7.116799999999999402e-11 -6.796900000000000164e-01
9.800000000000000000e+02 6.275600000000000280e-11 -4.609400000000000164e-01
9.820000000000000000e+02 5.570700000000000083e-11 -1.796899999999999886e-01
9.840000000000000000e+02 4.979500000000000098e-11 -1.953100000000000114e-01
9.860000000000000000e+02 4.615699999999999891e-11 -4.140599999999999836e-01
9.880000000000000000e+02 4.183700000000000116e-11 -1.367199999999999971e+00
9.900000000000000000e+02 3.933600000000000122e-11 -1.218800000000000106e+00
9.920000000000000000e+02 3.706199999999999697e-11 0.000000000000000000e+00
9.940000000000000000e+02 3.547000000000000133e-11 -5.390700000000000491e-01
9.960000000000000000e+02 3.319699999999999920e-11 -1.148400000000000087e+00
9.980000000000000000e+02 3.205999999999999708e-11 -1.195300000000000029e+00
1.000000000000000000e+03 3.069599999999999926e-11 -1.242199999999999971e+00
1.002000000000000000e+03 2.978599999999999930e-11 -6.406300000000000328e-01
1.004000000000000000e+03 2.933099999999999932e-11 -6.562500000000000000e-01
1.006000000000000000e+03 2.842200000000000148e-11 -6.796900000000000164e-01
1.008000000000000000e+03 2.728499999999999935e-11 -1.046899999999999942e+00
1.010000000000000000e+03 2.682999999999999937e-11 -7.187500000000000000e-01
1.012000000000000000e+03 2.614800000000000046e-11 -7.343800000000000328e-01
1.014000000000000000e+03 2.478399999999999941e-11 -3.906299999999999772e-01
1.016000000000000000e+03 2.387399999999999945e-11 -3.984400000000000164e-01
1.018000000000000000e+03 2.319200000000000054e-11 -8.203200000000000491e-01
1.020000000000000000e+03 2.228299999999999946e-11 -1.289099999999999913e+00
1.022000000000000000e+03 2.182799999999999948e-11 -2.171899999999999942e+00
1.024000000000000000e+03 2.137299999999999950e-11 -2.226599999999999913e+00
1.026000000000000000e+03 2.114600000000000057e-11 -1.789099999999999913e+00
1.028000000000000000e+03 2.046399999999999843e-11 -1.390600000000000058e+00
1.030000000000000000e+03 2.023600000000000061e-11 -4.687500000000000000e-01
1.032000000000000000e+03 1.932699999999999954e-11 0.000000000000000000e+00
1.034000000000000000e+03 1.864500000000000063e-11 0.000000000000000000e+00
1.036000000000000000e+03 1.773500000000000067e-11 -2.148400000000000087e+00
1.038000000000000000e+03 1.728000000000000069e-11 -2.203100000000000058e+00
1.040000000000000000e+03 1.682599999999999959e-11 0.000000000000000000e+00
1.042000000000000000e+03 1.614400000000000068e-11 -1.757800000000000029e+00
1.044000000000000000e+03 1.591599999999999963e-11 -1.195300000000000029e+00
1.046000000000000000e+03 1.546199999999999854e-11 -2.460900000000000087e+00
1.048000000000000000e+03 1.500699999999999856e-11 -1.265600000000000058e+00
1.050000000000000000e+03 3.797199999999999693e-11 -1.507800000000000029e+00
1.052000000000000000e+03 4.160999999999999900e-11 -2.343800000000000050e-01
1.054000000000000000e+03 4.274599999999999901e-11 0.000000000000000000e+00
1.056000000000000000e+03 6.548399999999999845e-11 -2.890599999999999836e-01
1.058000000000000000e+03 8.049099999999999377e-11 -9.531300000000000328e-01
1.060000000000000000e+03 7.344199999999999826e-11 -1.164099999999999913e+00
