8.000000000000000000e+02 4.774899999999999778e-12 7.851600000000000357e+00
8.020000000000000000e+02 2.955899999999999956e-12 -3.015600000000000058e+00
8.040000000000000000e+02 2.273799999999999863e-12 4.078199999999999825e+00
8.060000000000000000e+02 1.364199999999999983e-12 -2.056299999999999883e+01
8.080000000000000000e+02 4.547499999999999556e-13 1.842999999999999972e+01
8.100000000000000000e+02 2.273699999999999945e-13 0.000000000000000000e+00
8.120000000000000000e+02 2.273699999999999945e-13 -2.656299999999999883e+01
8.140000000000000000e+02 4.547499999999999556e-13 -2.656299999999999883e+01
8.160000000000000000e+02 4.547499999999999556e-13 0.000000000000000000e+00
8.180000000000000000e+02 4.547499999999999556e-13 2.655499999999999972e+01
8.200000000000000000e+02 4.547499999999999556e-13 4.499199999999999733e+01
8.220000000000000000e+02 4.547499999999999556e-13 4.499199999999999733e+01
8.240000000000000000e+02 4.547499999999999556e-13 1.842999999999999972e+01
8.260000000000000000e+02 2.273699999999999945e-13 -2.656299999999999883e+01
8.280000000000000000e+02 6.821200000000000258e-13 -1.131300000000000061e+01
8.300000000000000000e+02 6.821200000000000258e-13 -2.180499999999999972e+01
8.320000000000000000e+02 4.547499999999999556e-13 2.655499999999999972e+01
8.340000000000000000e+02 4.547499999999999556e-13 -4.500000000000000000e+01
8.360000000000000000e+02 4.547499999999999556e-13 1.403100000000000058e+01
8.380000000000000000e+02 1.136899999999999932e-12 -8.132899999999999352e+00
8.400000000000000000e+02 4.547499999999999556e-13 1.403100000000000058e+01
8.420000000000000000e+02 4.547499999999999556e-13 2.655499999999999972e+01
8.440000000000000000e+02 4.547499999999999556e-13 1.403100000000000058e+01
8.460000000000000000e+02 1.136899999999999932e-12 1.403100000000000058e+01
8.480000000000000000e+02 1.136899999999999932e-12 2.655499999999999972e+01
8.500000000000000000e+02 4.547499999999999556e-13 2.655499999999999972e+01
8.520000000000000000e+02 1.136899999999999932e-12 0.000000000000000000e+00
8.540000000000000000e+02 1.136899999999999932e-12 -2.656299999999999883e+01
8.560000000000000000e+02 1.136899999999999932e-12 0.000000000000000000e+00
8.580000000000000000e+02 1.136899999999999932e-12 1.594500000000000028e+01
8.600000000000000000e+02 1.136899999999999932e-12 -8.132899999999999352e+00
8.620000000000000000e+02 6.821200000000000258e-13 0.000000000000000000e+00
8.640000000000000000e+02 9.094999999999999111e-13 -9.468799999999999883e+00
8.660000000000000000e+02 1.136899999999999932e-12 -1.595299999999999940e+01
8.680000000000000000e+02 1.136899999999999932e-12 -1.403899999999999970e+01
8.700000000000000000e+02 6.821200000000000258e-13 2.179700000000000060e+01
8.720000000000000000e+02 1.136899999999999932e-12 0.000000000000000000e+00
8.740000000000000000e+02 9.094999999999999111e-13 -1.843799999999999883e+01
8.760000000000000000e+02 1.591600000000000004e-12 -1.131300000000000061e+01
8.780000000000000000e+02 1.591600000000000004e-12 5.711000000000000298e+00
8.800000000000000000e+02 1.818999999999999822e-12 0.000000000000000000e+00
8.820000000000000000e+02 1.364199999999999983e-12 0.000000000000000000e+00
8.840000000000000000e+02 1.591600000000000004e-12 -5.718799999999999883e+00
8.860000000000000000e+02 2.273799999999999863e-12 0.000000000000000000e+00
8.880000000000000000e+02 2.728499999999999935e-12 0.000000000000000000e+00
8.900000000000000000e+02 2.955899999999999956e-12 3.179699999999999971e+00
8.920000000000000000e+02 2.955899999999999956e-12 0.000000000000000000e+00
8.940000000000000000e+02 3.410600000000000028e-12 -2.726599999999999913e+00
8.960000000000000000e+02 4.320099999999999737e-12 2.195300000000000029e+00
8.980000000000000000e+02 5.229600000000000254e-12 1.781300000000000106e+00
9.000000000000000000e+02 7.048599999999999672e-12 -1.335900000000000087e+00
9.020000000000000000e+02 8.640300000000000655e-12 -1.085900000000000087e+00
9.040000000000000000e+02 1.068699999999999919e-11 -1.765600000000000058e+00
9.060000000000000000e+02 1.432499999999999965e-11 -6.718800000000000328e-01
9.080000000000000000e+02 1.841699999999999958e-11 0.000000000000000000e+00
9.100000000000000000e+02 2.364700000000000052e-11 3.984400000000000164e-01
9.120000000000000000e+02 2.978599999999999930e-11 6.328200000000000491e-01
9.140000000000000000e+02 3.774399999999999911e-11 1.257800000000000029e+00
9.160000000000000000e+02 4.706699999999999887e-11 6.015700000000000491e-01
9.180000000000000000e+02 5.866299999999999429e-11 6.406300000000000328e-01
9.200000000000000000e+02 7.276000000000000258e-11 0.000000000000000000e+00
9.220000000000000000e+02 8.913100000000000220e-11 2.109399999999999886e-01
9.240000000000000000e+02 1.082299999999999975e-10 1.718800000000000050e-01
9.260000000000000000e+02 1.291499999999999883e-10 7.031300000000000050e-02
9.280000000000000000e+02 1.523399999999999878e-10 0.000000000000000000e+00
9.300000000000000000e+02 1.771200000000000046e-10 -5.468800000000000050e-02
9.320000000000000000e+02 2.030500000000000123e-10 0.000000000000000000e+00
9.340000000000000000e+02 2.282800000000000120e-10 -1.328100000000000114e-01
9.360000000000000000e+02 2.537499999999999768e-10 -2.343800000000000050e-01
9.380000000000000000e+02 2.751199999999999764e-10 -3.125000000000000000e-01
9.400000000000000000e+02 2.944500000000000017e-10 -4.218799999999999772e-01
9.420000000000000000e+02 3.094599999999999839e-10 -5.546900000000000164e-01
9.440000000000000000e+02 3.187800000000000097e-10 -6.953200000000000491e-01
9.460000000000000000e+02 3.242400000000000094e-10 -7.734400000000000164e-01
9.480000000000000000e+02 3.219599999999999925e-10 -8.593800000000000328e-01
9.500000000000000000e+02 3.155999999999999752e-10 -8.203200000000000491e-01
9.520000000000000000e+02 3.026400000000000013e-10 -8.828200000000000491e-01
9.540000000000000000e+02 2.851299999999999759e-10 -9.765700000000000491e-01
9.560000000000000000e+02 2.653500000000000194e-10 -1.117199999999999971e+00
9.580000000000000000e+02 2.417000000000000029e-10 -9.531300000000000328e-01
9.600000000000000000e+02 2.171400000000000122e-10 -1.140600000000000058e+00
9.620000000000000000e+02 1.928100000000000042e-10 -1.093800000000000106e+00
9.640000000000000000e+02 1.691699999999999959e-10 -1.078100000000000058e+00
9.660000000000000000e+02 1.466599999999999878e-10 -9.843800000000000328e-01
9.680000000000000000e+02 1.252800000000000058e-10 -1.070300000000000029e+00
9.700000000000000000e+02 1.054999999999999976e-10 -1.093800000000000106e+00
9.720000000000000000e+02 8.958600000000000218e-11 -1.062500000000000000e+00
9.740000000000000000e+02 7.526100000000000253e-11 -1.273400000000000087e+00
9.760000000000000000e+02 6.366499999999999418e-11 -1.500000000000000000e+00
9.780000000000000000e+02 5.434200000000000089e-11 -8.828200000000000491e-01
9.800000000000000000e+02 4.661199999999999889e-11 -1.632800000000000029e+00
9.820000000000000000e+02 4.047299999999999688e-11 -1.414099999999999913e+00
9.840000000000000000e+02 3.569799999999999915e-11 -1.601599999999999913e+00
9.860000000000000000e+02 3.228699999999999924e-11 -1.187500000000000000e+00
9.880000000000000000e+02 2.933099999999999932e-11 -1.304699999999999971e+00
9.900000000000000000e+02 2.682999999999999937e-11 -7.187500000000000000e-01
9.920000000000000000e+02 2.478399999999999941e-11 -7.734400000000000164e-01
9.940000000000000000e+02 2.273799999999999944e-11 -4.218799999999999772e-01
9.960000000000000000e+02 2.182799999999999948e-11 -8.828200000000000491e-01
9.980000000000000000e+02 2.069100000000000059e-11 -1.375000000000000000e+00
1.000000000000000000e+03 1.978199999999999952e-11 -1.437500000000000000e+00
1.002000000000000000e+03 1.955399999999999847e-11 -1.460900000000000087e+00
1.004000000000000000e+03 1.887199999999999956e-11 -1.507800000000000029e+00
1.006000000000000000e+03 1.864500000000000063e-11 -1.523400000000000087e+00
1.008000000000000000e+03 1.796299999999999848e-11 -1.054699999999999971e+00
1.010000000000000000e+03 1.796299999999999848e-11 -1.578100000000000058e+00
1.012000000000000000e+03 1.728000000000000069e-11 -5.546900000000000164e-01
1.014000000000000000e+03 1.728000000000000069e-11 -1.656300000000000106e+00
1.016000000000000000e+03 1.682599999999999959e-11 -2.812500000000000000e+00
1.018000000000000000e+03 1.637099999999999961e-11 -1.734399999999999942e+00
1.020000000000000000e+03 1.659799999999999854e-11 -1.148400000000000087e+00
1.022000000000000000e+03 1.614400000000000068e-11 0.000000000000000000e+00
1.024000000000000000e+03 1.523400000000000072e-11 0.000000000000000000e+00
1.026000000000000000e+03 1.500699999999999856e-11 6.250000000000000000e-01
1.028000000000000000e+03 1.477900000000000074e-11 0.000000000000000000e+00
1.030000000000000000e+03 1.455199999999999858e-11 -6.562500000000000000e-01
1.032000000000000000e+03 1.409700000000000021e-11 -6.796900000000000164e-01
1.034000000000000000e+03 1.386999999999999967e-11 -2.046899999999999942e+00
1.036000000000000000e+03 1.432499999999999965e-11 -2.000000000000000000e+00
1.038000000000000000e+03 1.386999999999999967e-11 -6.875000000000000000e-01
1.040000000000000000e+03 1.295999999999999971e-11 -7.265700000000000491e-01
1.042000000000000000e+03 1.295999999999999971e-11 0.000000000000000000e+00
1.044000000000000000e+03 1.227800000000000080e-11 -2.328100000000000058e+00
1.046000000000000000e+03 1.205100000000000025e-11 -1.578100000000000058e+00
1.048000000000000000e+03 1.250600000000000023e-11 -2.265600000000000058e+00
1.050000000000000000e+03 3.001300000000000146e-11 -6.031299999999999883e+00
1.052000000000000000e+03 4.183700000000000116e-11 -2.507800000000000029e+00
1.054000000000000000e+03 4.411099999999999894e-11 -1.296899999999999942e+00
1.056000000000000000e+03 7.662499999999999389e-11 -1.742199999999999971e+00
1.058000000000000000e+03 9.777099999999999769e-11 -3.906299999999999772e-01
1.060000000000000000e+03 9.299600000000000643e-11 -1.093800000000000050e-01
