8.000000000000000000e+02 1.818999999999999822e-12 1.030499999999999972e+01
8.020000000000000000e+02 6.821200000000000258e-13 1.130499999999999972e+01
8.040000000000000000e+02 4.547499999999999556e-13 0.000000000000000000e+00
8.060000000000000000e+02 0.000000000000000000e+00 -9.000100000000000477e+01
8.080000000000000000e+02 0.000000000000000000e+00 -9.000100000000000477e+01
8.100000000000000000e+02 0.000000000000000000e+00 0.000000000000000000e+00
8.120000000000000000e+02 0.000000000000000000e+00 -4.500000000000000000e+01
8.140000000000000000e+02 4.547499999999999556e-13 -7.157099999999999795e+01
8.160000000000000000e+02 2.273699999999999945e-13 -6.343800000000000239e+01
8.180000000000000000e+02 0.000000000000000000e+00 -9.000100000000000477e+01
8.200000000000000000e+02 2.273699999999999945e-13 0.000000000000000000e+00
8.220000000000000000e+02 2.273699999999999945e-13 0.000000000000000000e+00
8.240000000000000000e+02 4.547499999999999556e-13 4.499199999999999733e+01
8.260000000000000000e+02 0.000000000000000000e+00 4.499199999999999733e+01
8.280000000000000000e+02 0.000000000000000000e+00 -9.000100000000000477e+01
8.300000000000000000e+02 0.000000000000000000e+00 1.799900000000000091e+02
8.320000000000000000e+02 0.000000000000000000e+00 1.799900000000000091e+02
8.340000000000000000e+02 0.000000000000000000e+00 -4.500000000000000000e+01
8.360000000000000000e+02 2.273699999999999945e-13 -2.656299999999999883e+01
8.380000000000000000e+02 4.547499999999999556e-13 -1.843799999999999883e+01
8.400000000000000000e+02 2.273699999999999945e-13 -2.656299999999999883e+01
8.420000000000000000e+02 4.547499999999999556e-13 0.000000000000000000e+00
8.440000000000000000e+02 0.000000000000000000e+00 0.000000000000000000e+00
8.460000000000000000e+02 2.273699999999999945e-13 0.000000000000000000e+00
8.480000000000000000e+02 2.273699999999999945e-13 0.000000000000000000e+00
8.500000000000000000e+02 2.273699999999999945e-13 -2.656299999999999883e+01
8.520000000000000000e+02 0.000000000000000000e+00 -4.500000000000000000e+01
8.540000000000000000e+02 0.000000000000000000e+00 0.000000000000000000e+00
8.560000000000000000e+02 0.000000000000000000e+00 0.000000000000000000e+00
8.580000000000000000e+02 0.000000000000000000e+00 0.000000000000000000e+00
8.600000000000000000e+02 0.000000000000000000e+00 -4.500000000000000000e+01
8.620000000000000000e+02 2.273699999999999945e-13 -9.000100000000000477e+01
8.640000000000000000e+02 0.000000000000000000e+00 -1.350000000000000000e+02
8.660000000000000000e+02 0.000000000000000000e+00 8.999299999999999500e+01
8.680000000000000000e+02 4.547499999999999556e-13 4.499199999999999733e+01
8.700000000000000000e+02 0.000000000000000000e+00 8.999299999999999500e+01
8.720000000000000000e+02 4.547499999999999556e-13 4.499199999999999733e+01
8.740000000000000000e+02 4.547499999999999556e-13 4.499199999999999733e+01
8.760000000000000000e+02 4.547499999999999556e-13 4.499199999999999733e+01
8.780000000000000000e+02 2.273699999999999945e-13 2.655499999999999972e+01
8.800000000000000000e+02 4.547499999999999556e-13 0.000000000000000000e+00
8.820000000000000000e+02 2.273699999999999945e-13 0.000000000000000000e+00
8.840000000000000000e+02 4.547499999999999556e-13 2.655499999999999972e+01
8.860000000000000000e+02 4.547499999999999556e-13 2.655499999999999972e+01
8.880000000000000000e+02 9.094999999999999111e-13 0.000000000000000000e+00
8.900000000000000000e+02 4.547499999999999556e-13 2.655499999999999972e+01
8.920000000000000000e+02 4.547499999999999556e-13 -1.843799999999999883e+01
8.940000000000000000e+02 2.273699999999999945e-13 -2.656299999999999883e+01
8.960000000000000000e+02 6.821200000000000258e-13 -1.131300000000000061e+01
8.980000000000000000e+02 1.364199999999999983e-12 6.336000000000000298e+00
9.000000000000000000e+02 1.136899999999999932e-12 0.000000000000000000e+00
9.020000000000000000e+02 1.591600000000000004e-12 0.000000000000000000e+00
9.040000000000000000e+02 1.591600000000000004e-12 5.711000000000000298e+00
9.060000000000000000e+02 2.046399999999999843e-12 4.390699999999999825e+00
9.080000000000000000e+02 2.273799999999999863e-12 4.078199999999999825e+00
9.100000000000000000e+02 2.955899999999999956e-12 3.007800000000000029e+00
9.120000000000000000e+02 3.410600000000000028e-12 2.718799999999999883e+00
9.140000000000000000e+02 4.092700000000000120e-12 0.000000000000000000e+00
9.160000000000000000e+02 4.774899999999999778e-12 -3.945300000000000029e+00
9.180000000000000000e+02 5.456999999999999871e-12 -3.367199999999999971e+00
9.200000000000000000e+02 6.821200000000000056e-12 -1.398400000000000087e+00
9.220000000000000000e+02 7.730800000000000138e-12 -1.218800000000000106e+00
9.240000000000000000e+02 9.095000000000000323e-12 -1.046899999999999942e+00
9.260000000000000000e+02 1.045899999999999976e-11 1.781300000000000106e+00
9.280000000000000000e+02 1.205100000000000025e-11 0.000000000000000000e+00
9.300000000000000000e+02 1.409700000000000021e-11 6.718800000000000328e-01
9.320000000000000000e+02 1.614400000000000068e-11 -5.937500000000000000e-01
9.340000000000000000e+02 1.796299999999999848e-11 -1.578100000000000058e+00
9.360000000000000000e+02 2.091899999999999841e-11 -9.140700000000000491e-01
9.380000000000000000e+02 2.342000000000000158e-11 -1.218800000000000106e+00
9.400000000000000000e+02 2.614800000000000046e-11 -1.460900000000000087e+00
9.420000000000000000e+02 3.001300000000000146e-11 -1.273400000000000087e+00
9.440000000000000000e+02 3.319699999999999920e-11 -1.148400000000000087e+00
9.460000000000000000e+02 3.660699999999999699e-11 -1.039099999999999913e+00
9.480000000000000000e+02 4.001799999999999690e-11 -7.187500000000000000e-01
9.500000000000000000e+02 4.365599999999999897e-11 -1.093800000000000106e+00
9.520000000000000000e+02 4.729400000000000103e-11 -8.125000000000000000e-01
9.540000000000000000e+02 5.047700000000000312e-11 -9.531300000000000328e-01
9.560000000000000000e+02 5.320600000000000088e-11 -1.078100000000000058e+00
9.580000000000000000e+02 5.593400000000000299e-11 -8.593800000000000328e-01
9.600000000000000000e+02 5.843500000000000294e-11 -9.843800000000000328e-01
9.620000000000000000e+02 6.025399999999999428e-11 -7.968800000000000328e-01
9.640000000000000000e+02 6.161899999999999422e-11 -7.812500000000000000e-01
9.660000000000000000e+02 6.207399999999999420e-11 -9.296900000000000164e-01
9.680000000000000000e+02 6.230100000000000282e-11 -9.218800000000000328e-01
9.700000000000000000e+02 6.161899999999999422e-11 -9.296900000000000164e-01
9.720000000000000000e+02 6.025399999999999428e-11 -1.117199999999999971e+00
9.740000000000000000e+02 5.798099999999999861e-11 -1.148400000000000087e+00
9.760000000000000000e+02 5.547900000000000301e-11 -1.039099999999999913e+00
9.780000000000000000e+02 5.229600000000000092e-11 -1.093800000000000106e+00
9.800000000000000000e+02 4.843100000000000316e-11 -1.382800000000000029e+00
9.820000000000000000e+02 4.411099999999999894e-11 -1.296899999999999942e+00
9.840000000000000000e+02 4.024499999999999906e-11 -7.109400000000000164e-01
9.860000000000000000e+02 3.592500000000000131e-11 -1.062500000000000000e+00
9.880000000000000000e+02 3.183199999999999926e-11 -1.500000000000000000e+00
9.900000000000000000e+02 2.796700000000000150e-11 -1.695300000000000029e+00
9.920000000000000000e+02 2.432899999999999943e-11 -7.812500000000000000e-01
9.940000000000000000e+02 2.114600000000000057e-11 -4.453099999999999836e-01
9.960000000000000000e+02 1.841699999999999958e-11 -1.554699999999999971e+00
9.980000000000000000e+02 1.591599999999999963e-11 -1.195300000000000029e+00
1.000000000000000000e+03 1.364200000000000023e-11 -2.101599999999999913e+00
1.002000000000000000e+03 1.182399999999999970e-11 -3.187500000000000000e+00
1.004000000000000000e+03 1.068699999999999919e-11 -1.765600000000000058e+00
1.006000000000000000e+03 9.549699999999999991e-12 -1.976599999999999913e+00
1.008000000000000000e+03 8.640300000000000655e-12 -2.203100000000000058e+00
1.010000000000000000e+03 7.275999999999999289e-12 -3.820300000000000029e+00
1.012000000000000000e+03 7.048599999999999672e-12 -2.664099999999999913e+00
1.014000000000000000e+03 6.821200000000000056e-12 -4.195299999999999585e+00
1.016000000000000000e+03 6.139099999999999963e-12 -3.015600000000000058e+00
1.018000000000000000e+03 5.684400000000000295e-12 -3.273400000000000087e+00
1.020000000000000000e+03 5.456999999999999871e-12 -3.367199999999999971e+00
1.022000000000000000e+03 5.456999999999999871e-12 -3.468799999999999883e+00
1.024000000000000000e+03 5.002199999999999829e-12 0.000000000000000000e+00
1.026000000000000000e+03 4.774899999999999778e-12 0.000000000000000000e+00
1.028000000000000000e+03 4.774899999999999778e-12 0.000000000000000000e+00
1.030000000000000000e+03 4.547500000000000161e-12 0.000000000000000000e+00
1.032000000000000000e+03 4.547500000000000161e-12 -2.046899999999999942e+00
1.034000000000000000e+03 4.547500000000000161e-12 -2.046899999999999942e+00
1.036000000000000000e+03 4.320099999999999737e-12 -2.125000000000000000e+00
1.038000000000000000e+03 4.092700000000000120e-12 0.000000000000000000e+00
1.040000000000000000e+03 3.865400000000000069e-12 -2.390600000000000058e+00
1.042000000000000000e+03 3.637999999999999645e-12 -2.492199999999999971e+00
1.044000000000000000e+03 3.865400000000000069e-12 0.000000000000000000e+00
1.046000000000000000e+03 4.092700000000000120e-12 0.000000000000000000e+00
1.048000000000000000e+03 3.865400000000000069e-12 -2.390600000000000058e+00
1.050000000000000000e+03 1.546199999999999854e-11 -6.140699999999999825e+00
1.052000000000000000e+03 1.887199999999999956e-11 -6.062500000000000000e+00
1.054000000000000000e+03 2.296500000000000161e-11 -7.023500000000000298e+00
1.056000000000000000e+03 3.933600000000000122e-11 -7.992200000000000415e+00
1.058000000000000000e+03 4.661199999999999889e-11 -6.367200000000000415e+00
1.060000000000000000e+03 4.433800000000000111e-11 -5.586000000000000298e+00
