8.000000000000000000e+02 5.456999999999999871e-12 0.000000000000000000e+00
8.020000000000000000e+02 2.955899999999999956e-12 -6.015699999999999825e+00
8.040000000000000000e+02 2.273799999999999863e-12 -1.965599999999999881e+01
8.060000000000000000e+02 1.591600000000000004e-12 1.669500000000000028e+01
8.080000000000000000e+02 1.136899999999999932e-12 1.594500000000000028e+01
8.100000000000000000e+02 4.547499999999999556e-13 0.000000000000000000e+00
8.120000000000000000e+02 4.547499999999999556e-13 -4.500000000000000000e+01
8.140000000000000000e+02 9.094999999999999111e-13 -1.843799999999999883e+01
8.160000000000000000e+02 6.821200000000000258e-13 0.000000000000000000e+00
8.180000000000000000e+02 9.094999999999999111e-13 9.461000000000000298e+00
8.200000000000000000e+02 4.547499999999999556e-13 3.368800000000000239e+01
8.220000000000000000e+02 4.547499999999999556e-13 4.499199999999999733e+01
8.240000000000000000e+02 1.136899999999999932e-12 0.000000000000000000e+00
8.260000000000000000e+02 9.094999999999999111e-13 -9.468799999999999883e+00
8.280000000000000000e+02 1.136899999999999932e-12 2.655499999999999972e+01
8.300000000000000000e+02 4.547499999999999556e-13 1.403100000000000058e+01
8.320000000000000000e+02 1.136899999999999932e-12 0.000000000000000000e+00
8.340000000000000000e+02 1.364199999999999983e-12 0.000000000000000000e+00
8.360000000000000000e+02 6.821200000000000258e-13 1.130499999999999972e+01
8.380000000000000000e+02 9.094999999999999111e-13 -9.468799999999999883e+00
8.400000000000000000e+02 1.364199999999999983e-12 1.252399999999999913e+01
8.420000000000000000e+02 1.591600000000000004e-12 2.396099999999999852e+01
8.440000000000000000e+02 1.136899999999999932e-12 -7.125000000000000000e+00
8.460000000000000000e+02 1.591600000000000004e-12 -5.718799999999999883e+00
8.480000000000000000e+02 1.136899999999999932e-12 0.000000000000000000e+00
8.500000000000000000e+02 1.364199999999999983e-12 -1.253100000000000058e+01
8.520000000000000000e+02 1.591600000000000004e-12 1.130499999999999972e+01
8.540000000000000000e+02 1.818999999999999822e-12 0.000000000000000000e+00
8.560000000000000000e+02 1.591600000000000004e-12 -5.718799999999999883e+00
8.580000000000000000e+02 1.818999999999999822e-12 1.030499999999999972e+01
8.600000000000000000e+02 1.818999999999999822e-12 1.030499999999999972e+01
8.620000000000000000e+02 1.364199999999999983e-12 2.055499999999999972e+01
8.640000000000000000e+02 1.136899999999999932e-12 -7.125000000000000000e+00
8.660000000000000000e+02 1.818999999999999822e-12 1.030499999999999972e+01
8.680000000000000000e+02 1.818999999999999822e-12 1.525000000000000000e+01
8.700000000000000000e+02 1.818999999999999822e-12 4.757799999999999585e+00
8.720000000000000000e+02 2.046399999999999843e-12 -4.398500000000000298e+00
8.740000000000000000e+02 2.046399999999999843e-12 -8.750099999999999767e+00
8.760000000000000000e+02 1.818999999999999822e-12 -5.203199999999999825e+00
8.780000000000000000e+02 1.818999999999999822e-12 9.461000000000000298e+00
8.800000000000000000e+02 2.046399999999999843e-12 -2.262500000000000000e+01
8.820000000000000000e+02 2.501099999999999915e-12 0.000000000000000000e+00
8.840000000000000000e+02 2.273799999999999863e-12 7.593799999999999883e+00
8.860000000000000000e+02 2.955899999999999956e-12 -3.015600000000000058e+00
8.880000000000000000e+02 2.728499999999999935e-12 -6.711000000000000298e+00
8.900000000000000000e+02 3.637999999999999645e-12 2.601599999999999913e+00
8.920000000000000000e+02 3.637999999999999645e-12 -4.968799999999999883e+00
8.940000000000000000e+02 4.547500000000000161e-12 -2.046899999999999942e+00
8.960000000000000000e+02 5.456999999999999871e-12 1.726599999999999913e+00
8.980000000000000000e+02 6.139099999999999963e-12 0.000000000000000000e+00
9.000000000000000000e+02 7.503399999999999713e-12 -1.250000000000000000e+00
9.020000000000000000e+02 1.000399999999999978e-11 -1.882800000000000029e+00
9.040000000000000000e+02 1.295999999999999971e-11 -2.937500000000000000e+00
9.060000000000000000e+02 1.659799999999999854e-11 -1.148400000000000087e+00
9.080000000000000000e+02 2.182799999999999948e-11 0.000000000000000000e+00
9.100000000000000000e+02 2.796700000000000150e-11 -3.437500000000000000e-01
9.120000000000000000e+02 3.638000000000000129e-11 -5.234400000000000164e-01
9.140000000000000000e+02 4.729400000000000103e-11 1.953100000000000114e-01
9.160000000000000000e+02 6.002699999999999858e-11 -7.968800000000000328e-01
9.180000000000000000e+02 7.662499999999999389e-11 -5.000000000000000000e-01
9.200000000000000000e+02 9.572499999999999773e-11 -3.984400000000000164e-01
9.220000000000000000e+02 1.175499999999999973e-10 -4.140599999999999836e-01
9.240000000000000000e+02 1.427900000000000053e-10 -2.031300000000000050e-01
9.260000000000000000e+02 1.714400000000000046e-10 -2.812500000000000000e-01
9.280000000000000000e+02 2.021400000000000123e-10 -3.359400000000000164e-01
9.300000000000000000e+02 2.346500000000000117e-10 -3.281299999999999772e-01
9.320000000000000000e+02 2.673899999999999938e-10 -1.875000000000000000e-01
9.340000000000000000e+02 2.990000000000000015e-10 -1.953100000000000114e-01
9.360000000000000000e+02 3.292399999999999922e-10 -3.203099999999999836e-01
9.380000000000000000e+02 3.558399999999999830e-10 -3.828099999999999836e-01
9.400000000000000000e+02 3.792599999999999911e-10 -3.593799999999999772e-01
9.420000000000000000e+02 3.956300000000000080e-10 -3.437500000000000000e-01
9.440000000000000000e+02 4.042699999999999905e-10 -4.296900000000000164e-01
9.460000000000000000e+02 4.058599999999999819e-10 -3.828099999999999836e-01
9.480000000000000000e+02 3.981299999999999993e-10 -4.609400000000000164e-01
9.500000000000000000e+02 3.840399999999999994e-10 -4.765599999999999836e-01
9.520000000000000000e+02 3.631199999999999827e-10 -4.218799999999999772e-01
9.540000000000000000e+02 3.353799999999999834e-10 -4.609400000000000164e-01
9.560000000000000000e+02 3.051399999999999927e-10 -4.453099999999999836e-01
9.580000000000000000e+02 2.739900000000000020e-10 -3.125000000000000000e-01
9.600000000000000000e+02 2.414699999999999944e-10 -3.984400000000000164e-01
9.620000000000000000e+02 2.103200000000000037e-10 -3.203099999999999836e-01
9.640000000000000000e+02 1.805400000000000042e-10 -1.562500000000000000e-01
9.660000000000000000e+02 1.539300000000000051e-10 -3.750000000000000000e-01
9.680000000000000000e+02 1.305099999999999970e-10 -3.671900000000000164e-01
9.700000000000000000e+02 1.098200000000000018e-10 0.000000000000000000e+00
9.720000000000000000e+02 9.185899999999999784e-11 2.031300000000000050e-01
9.740000000000000000e+02 7.730700000000000249e-11 1.171900000000000025e-01
9.760000000000000000e+02 6.571099999999999415e-11 -2.890599999999999836e-01
9.780000000000000000e+02 5.616200000000000081e-11 -5.156300000000000328e-01
9.800000000000000000e+02 4.865799999999999886e-11 -9.843800000000000328e-01
9.820000000000000000e+02 4.274599999999999901e-11 -6.796900000000000164e-01
9.840000000000000000e+02 3.797199999999999693e-11 0.000000000000000000e+00
9.860000000000000000e+02 3.387900000000000135e-11 -1.125000000000000000e+00
9.880000000000000000e+02 3.137800000000000140e-11 -1.218800000000000106e+00
9.900000000000000000e+02 2.933099999999999932e-11 -9.765700000000000491e-01
9.920000000000000000e+02 2.796700000000000150e-11 -6.875000000000000000e-01
9.940000000000000000e+02 2.546600000000000155e-11 -1.117199999999999971e+00
9.960000000000000000e+02 2.501100000000000157e-11 3.750000000000000000e-01
9.980000000000000000e+02 2.364700000000000052e-11 3.984400000000000164e-01
1.000000000000000000e+03 2.296500000000000161e-11 8.203200000000000491e-01
1.002000000000000000e+03 2.273799999999999944e-11 4.140599999999999836e-01
1.004000000000000000e+03 2.228299999999999946e-11 -8.593800000000000328e-01
1.006000000000000000e+03 2.182799999999999948e-11 -4.375000000000000000e-01
1.008000000000000000e+03 2.069100000000000059e-11 0.000000000000000000e+00
1.010000000000000000e+03 2.023600000000000061e-11 -4.687500000000000000e-01
1.012000000000000000e+03 1.978199999999999952e-11 -9.609400000000000164e-01
1.014000000000000000e+03 1.978199999999999952e-11 -1.453100000000000058e+00
1.016000000000000000e+03 1.932699999999999954e-11 -1.976599999999999913e+00
1.018000000000000000e+03 1.909899999999999849e-11 -2.492199999999999971e+00
1.020000000000000000e+03 1.841699999999999958e-11 -2.070300000000000029e+00
1.022000000000000000e+03 1.796299999999999848e-11 -5.234400000000000164e-01
1.024000000000000000e+03 1.750799999999999850e-11 5.390700000000000491e-01
1.026000000000000000e+03 1.682599999999999959e-11 0.000000000000000000e+00
1.028000000000000000e+03 1.728000000000000069e-11 5.468800000000000328e-01
1.030000000000000000e+03 1.682599999999999959e-11 1.132800000000000029e+00
1.032000000000000000e+03 1.659799999999999854e-11 -1.148400000000000087e+00
1.034000000000000000e+03 1.614400000000000068e-11 -6.015700000000000491e-01
1.036000000000000000e+03 1.500699999999999856e-11 -1.265600000000000058e+00
1.038000000000000000e+03 1.477900000000000074e-11 -2.578100000000000058e+00
1.040000000000000000e+03 1.432499999999999965e-11 0.000000000000000000e+00
1.042000000000000000e+03 1.409700000000000021e-11 0.000000000000000000e+00
1.044000000000000000e+03 1.432499999999999965e-11 1.328100000000000058e+00
1.046000000000000000e+03 1.386999999999999967e-11 6.796900000000000164e-01
1.048000000000000000e+03 1.318800000000000075e-11 0.000000000000000000e+00
1.050000000000000000e+03 3.296900000000000139e-11 2.812500000000000000e-01
1.052000000000000000e+03 5.297800000000000307e-11 1.796899999999999886e-01
1.054000000000000000e+03 6.048199999999999856e-11 1.101599999999999913e+00
1.056000000000000000e+03 9.367800000000000211e-11 1.015600000000000058e+00
1.058000000000000000e+03 1.054999999999999976e-10 1.445300000000000029e+00
1.060000000000000000e+03 9.481499999999999777e-11 1.804699999999999971e+00
