8.000000000000000000e+02 9.094999999999999111e-13 9.461000000000000298e+00
8.020000000000000000e+02 4.547499999999999556e-13 -4.500000000000000000e+01
8.040000000000000000e+02 4.547499999999999556e-13 -1.843799999999999883e+01
8.060000000000000000e+02 0.000000000000000000e+00 8.999299999999999500e+01
8.080000000000000000e+02 4.547499999999999556e-13 -1.843799999999999883e+01
8.100000000000000000e+02 4.547499999999999556e-13 -9.000100000000000477e+01
8.120000000000000000e+02 0.000000000000000000e+00 0.000000000000000000e+00
8.140000000000000000e+02 0.000000000000000000e+00 1.349900000000000091e+02
8.160000000000000000e+02 2.273699999999999945e-13 1.165600000000000023e+02
8.180000000000000000e+02 2.273699999999999945e-13 -1.534399999999999977e+02
8.200000000000000000e+02 0.000000000000000000e+00 1.349900000000000091e+02
8.220000000000000000e+02 2.273699999999999945e-13 2.655499999999999972e+01
8.240000000000000000e+02 2.273699999999999945e-13 -2.656299999999999883e+01
8.260000000000000000e+02 2.273699999999999945e-13 1.534300000000000068e+02
8.280000000000000000e+02 4.547499999999999556e-13 -4.500000000000000000e+01
8.300000000000000000e+02 0.000000000000000000e+00 -9.000100000000000477e+01
8.320000000000000000e+02 0.000000000000000000e+00 1.799900000000000091e+02
8.340000000000000000e+02 4.547499999999999556e-13 8.999299999999999500e+01
8.360000000000000000e+02 4.547499999999999556e-13 8.999299999999999500e+01
8.380000000000000000e+02 2.273699999999999945e-13 0.000000000000000000e+00
8.400000000000000000e+02 0.000000000000000000e+00 -4.500000000000000000e+01
8.420000000000000000e+02 2.273699999999999945e-13 8.999299999999999500e+01
8.440000000000000000e+02 4.547499999999999556e-13 8.999299999999999500e+01
8.460000000000000000e+02 0.000000000000000000e+00 1.799900000000000091e+02
8.480000000000000000e+02 2.273699999999999945e-13 8.999299999999999500e+01
8.500000000000000000e+02 4.547499999999999556e-13 1.842999999999999972e+01
8.520000000000000000e+02 2.273699999999999945e-13 2.655499999999999972e+01
8.540000000000000000e+02 2.273699999999999945e-13 2.655499999999999972e+01
8.560000000000000000e+02 4.547499999999999556e-13 7.156300000000000239e+01
8.580000000000000000e+02 2.273699999999999945e-13 1.534300000000000068e+02
8.600000000000000000e+02 2.273699999999999945e-13 6.342999999999999972e+01
8.620000000000000000e+02 2.273699999999999945e-13 0.000000000000000000e+00
8.640000000000000000e+02 2.273699999999999945e-13 6.342999999999999972e+01
8.660000000000000000e+02 0.000000000000000000e+00 4.499199999999999733e+01
8.680000000000000000e+02 0.000000000000000000e+00 0.000000000000000000e+00
8.700000000000000000e+02 2.273699999999999945e-13 -6.343800000000000239e+01
8.720000000000000000e+02 0.000000000000000000e+00 8.999299999999999500e+01
8.740000000000000000e+02 4.547499999999999556e-13 0.000000000000000000e+00
8.760000000000000000e+02 0.000000000000000000e+00 -4.500000000000000000e+01
8.780000000000000000e+02 2.273699999999999945e-13 1.165600000000000023e+02
8.800000000000000000e+02 2.273699999999999945e-13 0.000000000000000000e+00
8.820000000000000000e+02 0.000000000000000000e+00 -1.350000000000000000e+02
8.840000000000000000e+02 2.273699999999999945e-13 -2.656299999999999883e+01
8.860000000000000000e+02 0.000000000000000000e+00 0.000000000000000000e+00
8.880000000000000000e+02 4.547499999999999556e-13 1.842999999999999972e+01
8.900000000000000000e+02 2.273699999999999945e-13 -9.000100000000000477e+01
8.920000000000000000e+02 0.000000000000000000e+00 -9.000100000000000477e+01
8.940000000000000000e+02 4.547499999999999556e-13 4.499199999999999733e+01
8.960000000000000000e+02 2.273699999999999945e-13 -2.656299999999999883e+01
8.980000000000000000e+02 2.273699999999999945e-13 6.342999999999999972e+01
9.000000000000000000e+02 2.273699999999999945e-13 6.342999999999999972e+01
9.020000000000000000e+02 4.547499999999999556e-13 1.403100000000000058e+01
9.040000000000000000e+02 6.821200000000000258e-13 1.130499999999999972e+01
9.060000000000000000e+02 0.000000000000000000e+00 -4.500000000000000000e+01
9.080000000000000000e+02 6.821200000000000258e-13 -1.131300000000000061e+01
9.100000000000000000e+02 2.273699999999999945e-13 2.655499999999999972e+01
9.120000000000000000e+02 2.273699999999999945e-13 -2.656299999999999883e+01
9.140000000000000000e+02 9.094999999999999111e-13 1.842999999999999972e+01
9.160000000000000000e+02 9.094999999999999111e-13 9.461000000000000298e+00
9.180000000000000000e+02 4.547499999999999556e-13 1.842999999999999972e+01
9.200000000000000000e+02 9.094999999999999111e-13 -9.468799999999999883e+00
9.220000000000000000e+02 6.821200000000000258e-13 1.130499999999999972e+01
9.240000000000000000e+02 6.821200000000000258e-13 1.130499999999999972e+01
9.260000000000000000e+02 1.591600000000000004e-12 -1.131300000000000061e+01
9.280000000000000000e+02 1.364199999999999983e-12 -6.343799999999999883e+00
9.300000000000000000e+02 1.818999999999999822e-12 -4.765699999999999825e+00
9.320000000000000000e+02 2.046399999999999843e-12 -4.398500000000000298e+00
9.340000000000000000e+02 2.046399999999999843e-12 4.390699999999999825e+00
9.360000000000000000e+02 2.273799999999999863e-12 3.812500000000000000e+00
9.380000000000000000e+02 2.728499999999999935e-12 3.359399999999999942e+00
9.400000000000000000e+02 2.955899999999999956e-12 -6.015699999999999825e+00
9.420000000000000000e+02 2.955899999999999956e-12 -3.187500000000000000e+00
9.440000000000000000e+02 3.410600000000000028e-12 0.000000000000000000e+00
9.460000000000000000e+02 3.637999999999999645e-12 -2.492199999999999971e+00
9.480000000000000000e+02 3.637999999999999645e-12 5.195299999999999585e+00
9.500000000000000000e+02 4.092700000000000120e-12 4.570299999999999585e+00
9.520000000000000000e+02 4.320099999999999737e-12 0.000000000000000000e+00
9.540000000000000000e+02 5.229600000000000254e-12 -3.578100000000000058e+00
9.560000000000000000e+02 5.002199999999999829e-12 -1.851599999999999913e+00
9.580000000000000000e+02 5.456999999999999871e-12 0.000000000000000000e+00
9.600000000000000000e+02 6.139099999999999963e-12 1.500000000000000000e+00
9.620000000000000000e+02 6.593900000000000004e-12 -1.437500000000000000e+00
9.640000000000000000e+02 7.275999999999999289e-12 -2.609399999999999942e+00
9.660000000000000000e+02 7.503399999999999713e-12 0.000000000000000000e+00
9.680000000000000000e+02 8.185499999999999806e-12 2.289099999999999913e+00
9.700000000000000000e+02 8.867599999999999898e-12 0.000000000000000000e+00
9.720000000000000000e+02 9.777100000000000415e-12 -9.765700000000000491e-01
9.740000000000000000e+02 1.000399999999999978e-11 0.000000000000000000e+00
9.760000000000000000e+02 1.045899999999999976e-11 -8.984400000000000164e-01
9.780000000000000000e+02 1.159600000000000027e-11 0.000000000000000000e+00
9.800000000000000000e+02 1.182399999999999970e-11 8.046900000000000164e-01
9.820000000000000000e+02 1.227800000000000080e-11 -1.554699999999999971e+00
9.840000000000000000e+02 1.295999999999999971e-11 -7.343800000000000328e-01
9.860000000000000000e+02 1.295999999999999971e-11 -1.476599999999999913e+00
9.880000000000000000e+02 1.364200000000000023e-11 0.000000000000000000e+00
9.900000000000000000e+02 1.386999999999999967e-11 0.000000000000000000e+00
9.920000000000000000e+02 1.432499999999999965e-11 0.000000000000000000e+00
9.940000000000000000e+02 1.432499999999999965e-11 -1.976599999999999913e+00
9.960000000000000000e+02 1.432499999999999965e-11 -1.976599999999999913e+00
9.980000000000000000e+02 1.409700000000000021e-11 -1.351599999999999913e+00
1.000000000000000000e+03 1.386999999999999967e-11 -6.875000000000000000e-01
1.002000000000000000e+03 1.409700000000000021e-11 6.718800000000000328e-01
1.004000000000000000e+03 1.364200000000000023e-11 0.000000000000000000e+00
1.006000000000000000e+03 1.295999999999999971e-11 -1.453100000000000058e+00
1.008000000000000000e+03 1.205100000000000025e-11 7.812500000000000000e-01
1.010000000000000000e+03 1.136899999999999972e-11 -1.664099999999999913e+00
1.012000000000000000e+03 1.091399999999999974e-11 0.000000000000000000e+00
1.014000000000000000e+03 1.023199999999999921e-11 -3.695300000000000029e+00
1.016000000000000000e+03 9.095000000000000323e-12 -1.046899999999999942e+00
1.018000000000000000e+03 7.958099999999999381e-12 1.164099999999999913e+00
1.020000000000000000e+03 7.503399999999999713e-12 -2.492199999999999971e+00
1.022000000000000000e+03 6.593900000000000004e-12 -2.867199999999999971e+00
1.024000000000000000e+03 5.911700000000000346e-12 4.757799999999999585e+00
1.026000000000000000e+03 5.002199999999999829e-12 1.843800000000000106e+00
1.028000000000000000e+03 4.774899999999999778e-12 -1.976599999999999913e+00
1.030000000000000000e+03 3.637999999999999645e-12 2.484399999999999942e+00
1.032000000000000000e+03 3.410600000000000028e-12 8.125099999999999767e+00
1.034000000000000000e+03 3.183299999999999977e-12 5.711000000000000298e+00
1.036000000000000000e+03 2.955899999999999956e-12 3.179699999999999971e+00
1.038000000000000000e+03 1.818999999999999822e-12 0.000000000000000000e+00
1.040000000000000000e+03 1.364199999999999983e-12 6.336000000000000298e+00
1.042000000000000000e+03 1.818999999999999822e-12 0.000000000000000000e+00
1.044000000000000000e+03 1.818999999999999822e-12 -5.203199999999999825e+00
1.046000000000000000e+03 1.364199999999999983e-12 6.336000000000000298e+00
1.048000000000000000e+03 9.094999999999999111e-13 0.000000000000000000e+00
1.050000000000000000e+03 5.229600000000000254e-12 7.117200000000000415e+00
1.052000000000000000e+03 9.095000000000000323e-12 1.039099999999999913e+00
1.054000000000000000e+03 1.205100000000000025e-11 1.570300000000000029e+00
1.056000000000000000e+03 2.046399999999999843e-11 1.843800000000000106e+00
1.058000000000000000e+03 2.546600000000000155e-11 1.117199999999999971e+00
1.060000000000000000e+03 2.205499999999999841e-11 4.296900000000000164e-01
