8.000000000000000000e+02 5.684400000000000295e-12 3.265600000000000058e+00
8.020000000000000000e+02 3.865400000000000069e-12 2.382800000000000029e+00
8.040000000000000000e+02 2.046399999999999843e-12 -8.750099999999999767e+00
8.060000000000000000e+02 1.818999999999999822e-12 0.000000000000000000e+00
8.080000000000000000e+02 1.136899999999999932e-12 1.403100000000000058e+01
8.100000000000000000e+02 6.821200000000000258e-13 0.000000000000000000e+00
8.120000000000000000e+02 4.547499999999999556e-13 1.403100000000000058e+01
8.140000000000000000e+02 1.591600000000000004e-12 1.669500000000000028e+01
8.160000000000000000e+02 1.136899999999999932e-12 1.403100000000000058e+01
8.180000000000000000e+02 1.136899999999999932e-12 7.117200000000000415e+00
8.200000000000000000e+02 1.818999999999999822e-12 1.525000000000000000e+01
8.220000000000000000e+02 1.818999999999999822e-12 9.461000000000000298e+00
8.240000000000000000e+02 2.955899999999999956e-12 -6.343799999999999883e+00
8.260000000000000000e+02 2.501099999999999915e-12 7.117200000000000415e+00
8.280000000000000000e+02 2.955899999999999956e-12 -3.015600000000000058e+00
8.300000000000000000e+02 3.183299999999999977e-12 0.000000000000000000e+00
8.320000000000000000e+02 3.183299999999999977e-12 0.000000000000000000e+00
8.340000000000000000e+02 3.637999999999999645e-12 0.000000000000000000e+00
8.360000000000000000e+02 4.092700000000000120e-12 -4.578199999999999825e+00
8.380000000000000000e+02 4.092700000000000120e-12 0.000000000000000000e+00
8.400000000000000000e+02 4.774899999999999778e-12 -1.976599999999999913e+00
8.420000000000000000e+02 4.547500000000000161e-12 -4.086000000000000298e+00
8.440000000000000000e+02 4.320099999999999737e-12 -6.343799999999999883e+00
8.460000000000000000e+02 4.774899999999999778e-12 0.000000000000000000e+00
8.480000000000000000e+02 4.547500000000000161e-12 0.000000000000000000e+00
8.500000000000000000e+02 4.547500000000000161e-12 4.078199999999999825e+00
8.520000000000000000e+02 4.774899999999999778e-12 3.812500000000000000e+00
8.540000000000000000e+02 4.320099999999999737e-12 -2.125000000000000000e+00
8.560000000000000000e+02 4.774899999999999778e-12 -1.976599999999999913e+00
8.580000000000000000e+02 4.092700000000000120e-12 0.000000000000000000e+00
8.600000000000000000e+02 3.865400000000000069e-12 0.000000000000000000e+00
8.620000000000000000e+02 4.774899999999999778e-12 -1.976599999999999913e+00
8.640000000000000000e+02 3.865400000000000069e-12 -7.125000000000000000e+00
8.660000000000000000e+02 3.637999999999999645e-12 2.484399999999999942e+00
8.680000000000000000e+02 4.320099999999999737e-12 6.578199999999999825e+00
8.700000000000000000e+02 4.320099999999999737e-12 -2.125000000000000000e+00
8.720000000000000000e+02 3.637999999999999645e-12 -2.609399999999999942e+00
8.740000000000000000e+02 3.410600000000000028e-12 0.000000000000000000e+00
8.760000000000000000e+02 3.637999999999999645e-12 5.195299999999999585e+00
8.780000000000000000e+02 3.410600000000000028e-12 2.718799999999999883e+00
8.800000000000000000e+02 4.092700000000000120e-12 -4.578199999999999825e+00
8.820000000000000000e+02 3.637999999999999645e-12 -5.203199999999999825e+00
8.840000000000000000e+02 4.092700000000000120e-12 -4.578199999999999825e+00
8.860000000000000000e+02 3.865400000000000069e-12 -7.125000000000000000e+00
8.880000000000000000e+02 4.547500000000000161e-12 0.000000000000000000e+00
8.900000000000000000e+02 4.320099999999999737e-12 -4.242200000000000415e+00
8.920000000000000000e+02 4.547500000000000161e-12 -4.086000000000000298e+00
8.940000000000000000e+02 4.774899999999999778e-12 -1.914099999999999913e+00
8.960000000000000000e+02 6.139099999999999963e-12 -3.101599999999999913e+00
8.980000000000000000e+02 7.503399999999999713e-12 2.484399999999999942e+00
9.000000000000000000e+02 9.095000000000000323e-12 1.039099999999999913e+00
9.020000000000000000e+02 1.295999999999999971e-11 0.000000000000000000e+00
9.040000000000000000e+02 1.682599999999999959e-11 1.679699999999999971e+00
9.060000000000000000e+02 2.410200000000000050e-11 3.906299999999999772e-01
9.080000000000000000e+02 3.251499999999999706e-11 0.000000000000000000e+00
9.100000000000000000e+02 4.593000000000000321e-11 0.000000000000000000e+00
9.120000000000000000e+02 6.298299999999999850e-11 1.484399999999999886e-01
9.140000000000000000e+02 8.481099999999999798e-11 2.187500000000000000e-01
9.160000000000000000e+02 1.134600000000000016e-10 3.359400000000000164e-01
9.180000000000000000e+02 1.491600000000000050e-10 1.875000000000000000e-01
9.200000000000000000e+02 1.916800000000000040e-10 1.484399999999999886e-01
9.220000000000000000e+02 2.421499999999999858e-10 0.000000000000000000e+00
9.240000000000000000e+02 3.001400000000000099e-10 -7.031300000000000050e-02
9.260000000000000000e+02 3.633499999999999912e-10 -1.328100000000000114e-01
9.280000000000000000e+02 4.310999999999999899e-10 -2.031300000000000050e-01
9.300000000000000000e+02 4.990899999999999795e-10 -1.953100000000000114e-01
9.320000000000000000e+02 5.659400000000000123e-10 -2.265600000000000114e-01
9.340000000000000000e+02 6.264199999999999937e-10 -3.437500000000000000e-01
9.360000000000000000e+02 6.759899999999999580e-10 -3.984400000000000164e-01
9.380000000000000000e+02 7.164600000000000260e-10 -4.453099999999999836e-01
9.400000000000000000e+02 7.389699999999999824e-10 -4.296900000000000164e-01
9.420000000000000000e+02 7.476099999999999650e-10 -5.000000000000000000e-01
9.440000000000000000e+02 7.366899999999999655e-10 -5.234400000000000164e-01
9.460000000000000000e+02 7.094100000000000349e-10 -5.703200000000000491e-01
9.480000000000000000e+02 6.721199999999999496e-10 -6.171900000000000164e-01
9.500000000000000000e+02 6.209599999999999939e-10 -6.484400000000000164e-01
9.520000000000000000e+02 5.652599999999999692e-10 -6.953200000000000491e-01
9.540000000000000000e+02 5.043199999999999707e-10 -7.265700000000000491e-01
9.560000000000000000e+02 4.429299999999999894e-10 -7.187500000000000000e-01
9.580000000000000000e+02 3.847199999999999908e-10 -7.500000000000000000e-01
9.600000000000000000e+02 3.294700000000000007e-10 -6.406300000000000328e-01
9.620000000000000000e+02 2.808099999999999847e-10 -6.484400000000000164e-01
9.640000000000000000e+02 2.371500000000000031e-10 -4.843799999999999772e-01
9.660000000000000000e+02 1.998599999999999954e-10 -4.765599999999999836e-01
9.680000000000000000e+02 1.687100000000000047e-10 -4.531299999999999772e-01
9.700000000000000000e+02 1.416499999999999968e-10 -5.468800000000000328e-01
9.720000000000000000e+02 1.200499999999999887e-10 -3.203099999999999836e-01
9.740000000000000000e+02 1.025499999999999974e-10 -1.875000000000000000e-01
9.760000000000000000e+02 8.867600000000000222e-11 -6.484400000000000164e-01
9.780000000000000000e+02 7.685299999999999817e-11 0.000000000000000000e+00
9.800000000000000000e+02 6.798499999999999839e-11 0.000000000000000000e+00
9.820000000000000000e+02 6.025399999999999428e-11 3.125000000000000000e-01
9.840000000000000000e+02 5.411499999999999873e-11 -1.796899999999999886e-01
9.860000000000000000e+02 4.934000000000000100e-11 0.000000000000000000e+00
9.880000000000000000e+02 4.547500000000000323e-11 0.000000000000000000e+00
9.900000000000000000e+02 4.160999999999999900e-11 -4.609400000000000164e-01
9.920000000000000000e+02 3.933600000000000122e-11 0.000000000000000000e+00
9.940000000000000000e+02 3.660699999999999699e-11 -5.234400000000000164e-01
9.960000000000000000e+02 3.501599999999999701e-11 -2.734400000000000164e-01
9.980000000000000000e+02 3.365199999999999918e-11 0.000000000000000000e+00
1.000000000000000000e+03 3.160499999999999710e-11 -9.062500000000000000e-01
1.002000000000000000e+03 3.046800000000000144e-11 -1.257800000000000029e+00
1.004000000000000000e+03 2.955899999999999714e-11 -1.296899999999999942e+00
1.006000000000000000e+03 2.933099999999999932e-11 -1.304699999999999971e+00
1.008000000000000000e+03 2.796700000000000150e-11 -1.359399999999999942e+00
1.010000000000000000e+03 2.751200000000000152e-11 -6.953200000000000491e-01
1.012000000000000000e+03 2.660300000000000044e-11 -3.671900000000000164e-01
1.014000000000000000e+03 2.614800000000000046e-11 -1.093800000000000106e+00
1.016000000000000000e+03 2.478399999999999941e-11 -3.906299999999999772e-01
1.018000000000000000e+03 2.455600000000000159e-11 0.000000000000000000e+00
1.020000000000000000e+03 2.342000000000000158e-11 -8.203200000000000491e-01
1.022000000000000000e+03 2.319200000000000054e-11 4.062500000000000000e-01
1.024000000000000000e+03 2.182799999999999948e-11 4.375000000000000000e-01
1.026000000000000000e+03 2.114600000000000057e-11 -9.062500000000000000e-01
1.028000000000000000e+03 2.091899999999999841e-11 9.062500000000000000e-01
1.030000000000000000e+03 1.955399999999999847e-11 -9.765700000000000491e-01
1.032000000000000000e+03 1.909899999999999849e-11 -1.000000000000000000e+00
1.034000000000000000e+03 1.864500000000000063e-11 -1.539099999999999913e+00
1.036000000000000000e+03 1.819000000000000065e-11 -2.085900000000000087e+00
1.038000000000000000e+03 1.728000000000000069e-11 -2.203100000000000058e+00
1.040000000000000000e+03 1.682599999999999959e-11 -2.812500000000000000e+00
1.042000000000000000e+03 1.659799999999999854e-11 -1.718800000000000106e+00
1.044000000000000000e+03 1.614400000000000068e-11 -1.171899999999999942e+00
1.046000000000000000e+03 1.546199999999999854e-11 0.000000000000000000e+00
1.048000000000000000e+03 1.477900000000000074e-11 -6.406300000000000328e-01
1.050000000000000000e+03 2.796700000000000150e-11 -2.039099999999999913e+00
1.052000000000000000e+03 3.478799999999999919e-11 0.000000000000000000e+00
1.054000000000000000e+03 3.819899999999999909e-11 -2.500000000000000000e-01
1.056000000000000000e+03 6.320999999999999420e-11 -1.562500000000000000e-01
1.058000000000000000e+03 7.798999999999999383e-11 -8.593800000000000328e-01
1.060000000000000000e+03 7.321500000000000256e-11 -7.812500000000000000e-01
