8.000000000000000000e+02 2.501099999999999915e-12 -3.578100000000000058e+00
8.020000000000000000e+02 1.818999999999999822e-12 -5.203199999999999825e+00
8.040000000000000000e+02 1.364199999999999983e-12 0.000000000000000000e+00
8.060000000000000000e+02 4.547499999999999556e-13 0.000000000000000000e+00
8.080000000000000000e+02 4.547499999999999556e-13 3.368800000000000239e+01
8.100000000000000000e+02 4.547499999999999556e-13 1.842999999999999972e+01
8.120000000000000000e+02 4.547499999999999556e-13 1.842999999999999972e+01
8.140000000000000000e+02 4.547499999999999556e-13 6.342999999999999972e+01
8.160000000000000000e+02 4.547499999999999556e-13 4.499199999999999733e+01
8.180000000000000000e+02 2.273699999999999945e-13 2.655499999999999972e+01
8.200000000000000000e+02 4.547499999999999556e-13 1.842999999999999972e+01
8.220000000000000000e+02 4.547499999999999556e-13 4.499199999999999733e+01
8.240000000000000000e+02 0.000000000000000000e+00 0.000000000000000000e+00
8.260000000000000000e+02 0.000000000000000000e+00 0.000000000000000000e+00
8.280000000000000000e+02 2.273699999999999945e-13 0.000000000000000000e+00
8.300000000000000000e+02 0.000000000000000000e+00 -9.000100000000000477e+01
8.320000000000000000e+02 0.000000000000000000e+00 0.000000000000000000e+00
8.340000000000000000e+02 0.000000000000000000e+00 8.999299999999999500e+01
8.360000000000000000e+02 0.000000000000000000e+00 -4.500000000000000000e+01
8.380000000000000000e+02 0.000000000000000000e+00 0.000000000000000000e+00
8.400000000000000000e+02 0.000000000000000000e+00 1.349900000000000091e+02
8.420000000000000000e+02 0.000000000000000000e+00 4.499199999999999733e+01
8.440000000000000000e+02 0.000000000000000000e+00 -9.000100000000000477e+01
8.460000000000000000e+02 0.000000000000000000e+00 0.000000000000000000e+00
8.480000000000000000e+02 0.000000000000000000e+00 -4.500000000000000000e+01
8.500000000000000000e+02 2.273699999999999945e-13 -6.343800000000000239e+01
8.520000000000000000e+02 0.000000000000000000e+00 -9.000100000000000477e+01
8.540000000000000000e+02 4.547499999999999556e-13 -4.500000000000000000e+01
8.560000000000000000e+02 0.000000000000000000e+00 -4.500000000000000000e+01
8.580000000000000000e+02 2.273699999999999945e-13 0.000000000000000000e+00
8.600000000000000000e+02 2.273699999999999945e-13 -6.343800000000000239e+01
8.620000000000000000e+02 0.000000000000000000e+00 -1.350000000000000000e+02
8.640000000000000000e+02 0.000000000000000000e+00 0.000000000000000000e+00
8.660000000000000000e+02 0.000000000000000000e+00 -4.500000000000000000e+01
8.680000000000000000e+02 2.273699999999999945e-13 -6.343800000000000239e+01
8.700000000000000000e+02 2.273699999999999945e-13 -6.343800000000000239e+01
8.720000000000000000e+02 2.273699999999999945e-13 -2.656299999999999883e+01
8.740000000000000000e+02 2.273699999999999945e-13 -2.656299999999999883e+01
8.760000000000000000e+02 0.000000000000000000e+00 0.000000000000000000e+00
8.780000000000000000e+02 4.547499999999999556e-13 0.000000000000000000e+00
8.800000000000000000e+02 4.547499999999999556e-13 1.842999999999999972e+01
8.820000000000000000e+02 4.547499999999999556e-13 0.000000000000000000e+00
8.840000000000000000e+02 4.547499999999999556e-13 0.000000000000000000e+00
8.860000000000000000e+02 4.547499999999999556e-13 2.655499999999999972e+01
8.880000000000000000e+02 6.821200000000000258e-13 1.130499999999999972e+01
8.900000000000000000e+02 9.094999999999999111e-13 0.000000000000000000e+00
8.920000000000000000e+02 9.094999999999999111e-13 9.461000000000000298e+00
8.940000000000000000e+02 9.094999999999999111e-13 9.461000000000000298e+00
8.960000000000000000e+02 1.136899999999999932e-12 8.125099999999999767e+00
8.980000000000000000e+02 1.136899999999999932e-12 1.403100000000000058e+01
9.000000000000000000e+02 1.818999999999999822e-12 4.757799999999999585e+00
9.020000000000000000e+02 2.273799999999999863e-12 0.000000000000000000e+00
9.040000000000000000e+02 2.955899999999999956e-12 0.000000000000000000e+00
9.060000000000000000e+02 3.637999999999999645e-12 2.601599999999999913e+00
9.080000000000000000e+02 4.092700000000000120e-12 0.000000000000000000e+00
9.100000000000000000e+02 5.002199999999999829e-12 1.843800000000000106e+00
9.120000000000000000e+02 5.684400000000000295e-12 1.632800000000000029e+00
9.140000000000000000e+02 6.821200000000000056e-12 1.359399999999999942e+00
9.160000000000000000e+02 8.412900000000000230e-12 0.000000000000000000e+00
9.180000000000000000e+02 9.777100000000000415e-12 -9.765700000000000491e-01
9.200000000000000000e+02 1.182399999999999970e-11 -1.617199999999999971e+00
9.220000000000000000e+02 1.364200000000000023e-11 0.000000000000000000e+00
9.240000000000000000e+02 1.591599999999999963e-11 5.937500000000000000e-01
9.260000000000000000e+02 1.887199999999999956e-11 5.000000000000000000e-01
9.280000000000000000e+02 2.182799999999999948e-11 4.296900000000000164e-01
9.300000000000000000e+02 2.546600000000000155e-11 -3.750000000000000000e-01
9.320000000000000000e+02 2.933099999999999932e-11 0.000000000000000000e+00
9.340000000000000000e+02 3.342400000000000137e-11 0.000000000000000000e+00
9.360000000000000000e+02 3.797199999999999693e-11 0.000000000000000000e+00
9.380000000000000000e+02 4.297399999999999682e-11 -4.453099999999999836e-01
9.400000000000000000e+02 4.820299999999999888e-11 0.000000000000000000e+00
9.420000000000000000e+02 5.388800000000000303e-11 0.000000000000000000e+00
9.440000000000000000e+02 5.911799999999999427e-11 -4.843799999999999772e-01
9.460000000000000000e+02 6.480200000000000277e-11 -2.968799999999999772e-01
9.480000000000000000e+02 7.025900000000000264e-11 -4.140599999999999836e-01
9.500000000000000000e+02 7.548899999999999388e-11 -5.078200000000000491e-01
9.520000000000000000e+02 8.003599999999999379e-11 -6.015700000000000491e-01
9.540000000000000000e+02 8.412900000000000230e-11 -5.703200000000000491e-01
9.560000000000000000e+02 8.753899999999999363e-11 -6.562500000000000000e-01
9.580000000000000000e+02 9.026799999999999786e-11 -6.406300000000000328e-01
9.600000000000000000e+02 9.163200000000000214e-11 -6.250000000000000000e-01
9.620000000000000000e+02 9.185899999999999784e-11 -5.234400000000000164e-01
9.640000000000000000e+02 9.117700000000000216e-11 -5.234400000000000164e-01
9.660000000000000000e+02 8.913100000000000220e-11 -6.484400000000000164e-01
9.680000000000000000e+02 8.594799999999999365e-11 -6.718800000000000328e-01
9.700000000000000000e+02 8.162800000000000236e-11 -3.515599999999999836e-01
9.720000000000000000e+02 7.662499999999999389e-11 -6.250000000000000000e-01
9.740000000000000000e+02 7.094099999999999832e-11 -8.125000000000000000e-01
9.760000000000000000e+02 6.480200000000000277e-11 -8.828200000000000491e-01
9.780000000000000000e+02 5.866299999999999429e-11 -6.562500000000000000e-01
9.800000000000000000e+02 5.229600000000000092e-11 -9.140700000000000491e-01
9.820000000000000000e+02 4.593000000000000321e-11 -1.039099999999999913e+00
9.840000000000000000e+02 4.047299999999999688e-11 -4.687500000000000000e-01
9.860000000000000000e+02 3.524299999999999917e-11 -8.125000000000000000e-01
9.880000000000000000e+02 3.046800000000000144e-11 -1.250000000000000000e+00
9.900000000000000000e+02 2.614800000000000046e-11 -1.453100000000000058e+00
9.920000000000000000e+02 2.250999999999999839e-11 -8.515700000000000491e-01
9.940000000000000000e+02 1.978199999999999952e-11 4.765599999999999836e-01
9.960000000000000000e+02 1.682599999999999959e-11 0.000000000000000000e+00
9.980000000000000000e+02 1.477900000000000074e-11 -6.406300000000000328e-01
1.000000000000000000e+03 1.295999999999999971e-11 -2.179699999999999971e+00
1.002000000000000000e+03 1.159600000000000027e-11 0.000000000000000000e+00
1.004000000000000000e+03 1.068699999999999919e-11 -8.828200000000000491e-01
1.006000000000000000e+03 9.549699999999999991e-12 -1.976599999999999913e+00
1.008000000000000000e+03 8.867599999999999898e-12 -1.062500000000000000e+00
1.010000000000000000e+03 7.958099999999999381e-12 -1.171899999999999942e+00
1.012000000000000000e+03 7.958099999999999381e-12 -2.390600000000000058e+00
1.014000000000000000e+03 7.275999999999999289e-12 -1.304699999999999971e+00
1.016000000000000000e+03 7.048599999999999672e-12 0.000000000000000000e+00
1.018000000000000000e+03 6.821200000000000056e-12 -1.367199999999999971e+00
1.020000000000000000e+03 6.593900000000000004e-12 -2.867199999999999971e+00
1.022000000000000000e+03 6.366500000000000388e-12 -2.937500000000000000e+00
1.024000000000000000e+03 5.911700000000000346e-12 -3.187500000000000000e+00
1.026000000000000000e+03 5.684400000000000295e-12 -3.273400000000000087e+00
1.028000000000000000e+03 6.139099999999999963e-12 -1.554699999999999971e+00
1.030000000000000000e+03 5.911700000000000346e-12 -3.187500000000000000e+00
1.032000000000000000e+03 5.911700000000000346e-12 0.000000000000000000e+00
1.034000000000000000e+03 5.911700000000000346e-12 0.000000000000000000e+00
1.036000000000000000e+03 5.684400000000000295e-12 -1.640600000000000058e+00
1.038000000000000000e+03 5.456999999999999871e-12 0.000000000000000000e+00
1.040000000000000000e+03 5.456999999999999871e-12 0.000000000000000000e+00
1.042000000000000000e+03 5.229600000000000254e-12 1.781300000000000106e+00
1.044000000000000000e+03 5.456999999999999871e-12 0.000000000000000000e+00
1.046000000000000000e+03 5.229600000000000254e-12 0.000000000000000000e+00
1.048000000000000000e+03 5.229600000000000254e-12 -3.578100000000000058e+00
1.050000000000000000e+03 9.549699999999999991e-12 -5.906299999999999883e+00
1.052000000000000000e+03 1.455199999999999858e-11 -3.906299999999999883e+00
1.054000000000000000e+03 1.750799999999999850e-11 -2.703100000000000058e+00
1.056000000000000000e+03 2.864900000000000041e-11 -1.664099999999999913e+00
1.058000000000000000e+03 3.433400000000000133e-11 -1.664099999999999913e+00
1.060000000000000000e+03 3.183199999999999926e-11 -2.093799999999999883e+00
