8.000000000000000000e+02 2.273699999999999945e-13 2.655499999999999972e+01
8.020000000000000000e+02 1.136899999999999932e-12 -8.132899999999999352e+00
8.040000000000000000e+02 4.547499999999999556e-13 -3.369599999999999795e+01
8.060000000000000000e+02 4.547499999999999556e-13 0.000000000000000000e+00
8.080000000000000000e+02 9.094999999999999111e-13 -1.843799999999999883e+01
8.100000000000000000e+02 1.364199999999999983e-12 -6.343799999999999883e+00
8.120000000000000000e+02 1.818999999999999822e-12 0.000000000000000000e+00
8.140000000000000000e+02 2.501099999999999915e-12 -3.578100000000000058e+00
8.160000000000000000e+02 3.183299999999999977e-12 8.531299999999999883e+00
8.180000000000000000e+02 3.865400000000000069e-12 9.461000000000000298e+00
8.200000000000000000e+02 4.774899999999999778e-12 7.851600000000000357e+00
8.220000000000000000e+02 5.684400000000000295e-12 3.265600000000000058e+00
8.240000000000000000e+02 5.911700000000000346e-12 4.757799999999999585e+00
8.260000000000000000e+02 6.593900000000000004e-12 2.859399999999999942e+00
8.280000000000000000e+02 6.821200000000000056e-12 0.000000000000000000e+00
8.300000000000000000e+02 6.593900000000000004e-12 0.000000000000000000e+00
8.320000000000000000e+02 7.048599999999999672e-12 3.984399999999999942e+00
8.340000000000000000e+02 7.503399999999999713e-12 2.484399999999999942e+00
8.360000000000000000e+02 7.958099999999999381e-12 2.382800000000000029e+00
8.380000000000000000e+02 8.412900000000000230e-12 0.000000000000000000e+00
8.400000000000000000e+02 7.730800000000000138e-12 -1.218800000000000106e+00
8.420000000000000000e+02 7.503399999999999713e-12 -1.250000000000000000e+00
8.440000000000000000e+02 7.730800000000000138e-12 -1.218800000000000106e+00
8.460000000000000000e+02 8.185499999999999806e-12 -2.296899999999999942e+00
8.480000000000000000e+02 7.958099999999999381e-12 0.000000000000000000e+00
8.500000000000000000e+02 7.503399999999999713e-12 2.484399999999999942e+00
8.520000000000000000e+02 7.730800000000000138e-12 0.000000000000000000e+00
8.540000000000000000e+02 7.048599999999999672e-12 -3.992199999999999971e+00
8.560000000000000000e+02 6.821200000000000056e-12 4.078199999999999825e+00
8.580000000000000000e+02 6.593900000000000004e-12 2.859399999999999942e+00
8.600000000000000000e+02 6.366500000000000388e-12 -2.937500000000000000e+00
8.620000000000000000e+02 5.684400000000000295e-12 0.000000000000000000e+00
8.640000000000000000e+02 5.684400000000000295e-12 0.000000000000000000e+00
8.660000000000000000e+02 5.911700000000000346e-12 -4.765699999999999825e+00
8.680000000000000000e+02 6.366500000000000388e-12 0.000000000000000000e+00
8.700000000000000000e+02 6.593900000000000004e-12 0.000000000000000000e+00
8.720000000000000000e+02 5.456999999999999871e-12 3.359399999999999942e+00
8.740000000000000000e+02 5.684400000000000295e-12 0.000000000000000000e+00
8.760000000000000000e+02 5.684400000000000295e-12 1.632800000000000029e+00
8.780000000000000000e+02 5.456999999999999871e-12 -5.046899999999999942e+00
8.800000000000000000e+02 4.774899999999999778e-12 0.000000000000000000e+00
8.820000000000000000e+02 5.456999999999999871e-12 -1.734399999999999942e+00
8.840000000000000000e+02 4.547500000000000161e-12 2.039099999999999913e+00
8.860000000000000000e+02 4.547500000000000161e-12 -2.046899999999999942e+00
8.880000000000000000e+02 5.002199999999999829e-12 7.343799999999999883e+00
8.900000000000000000e+02 5.456999999999999871e-12 0.000000000000000000e+00
8.920000000000000000e+02 5.456999999999999871e-12 -1.687500000000000000e+00
8.940000000000000000e+02 5.684400000000000295e-12 0.000000000000000000e+00
8.960000000000000000e+02 6.821200000000000056e-12 1.390600000000000058e+00
8.980000000000000000e+02 8.867599999999999898e-12 -1.062500000000000000e+00
9.000000000000000000e+02 1.114100000000000029e-11 -2.531299999999999883e+00
9.020000000000000000e+02 1.477900000000000074e-11 1.265600000000000058e+00
9.040000000000000000e+02 2.160100000000000055e-11 4.375000000000000000e-01
9.060000000000000000e+02 3.114999999999999712e-11 9.140700000000000491e-01
9.080000000000000000e+02 4.479300000000000109e-11 1.265600000000000058e+00
9.100000000000000000e+02 6.571099999999999415e-11 8.671900000000000164e-01
9.120000000000000000e+02 9.231399999999999782e-11 5.156300000000000328e-01
9.140000000000000000e+02 1.271000000000000057e-10 7.421900000000000164e-01
9.160000000000000000e+02 1.743999999999999871e-10 3.828099999999999836e-01
9.180000000000000000e+02 2.326000000000000033e-10 2.812500000000000000e-01
9.200000000000000000e+02 3.012699999999999843e-10 2.500000000000000000e-01
9.220000000000000000e+02 3.840399999999999994e-10 1.015599999999999975e-01
9.240000000000000000e+02 4.779400000000000060e-10 3.906300000000000050e-02
9.260000000000000000e+02 5.816299999999999860e-10 -1.015599999999999975e-01
9.280000000000000000e+02 6.914500000000000266e-10 -1.875000000000000000e-01
9.300000000000000000e+02 8.019500000000000069e-10 -2.421899999999999886e-01
9.320000000000000000e+02 9.104099999999999612e-10 -3.125000000000000000e-01
9.340000000000000000e+02 1.004499999999999995e-09 -2.968799999999999772e-01
9.360000000000000000e+02 1.088400000000000088e-09 -3.906299999999999772e-01
9.380000000000000000e+02 1.149600000000000042e-09 -3.750000000000000000e-01
9.400000000000000000e+02 1.179400000000000084e-09 -3.437500000000000000e-01
9.420000000000000000e+02 1.182999999999999947e-09 -4.140599999999999836e-01
9.440000000000000000e+02 1.151000000000000058e-09 -3.984400000000000164e-01
9.460000000000000000e+02 1.099600000000000008e-09 -3.593799999999999772e-01
9.480000000000000000e+02 1.025199999999999934e-09 -4.453099999999999836e-01
9.500000000000000000e+02 9.379200000000000037e-10 -3.906299999999999772e-01
9.520000000000000000e+02 8.444699999999999800e-10 -3.906299999999999772e-01
9.540000000000000000e+02 7.482900000000000082e-10 -2.968799999999999772e-01
9.560000000000000000e+02 6.564299999999999759e-10 -2.890599999999999836e-01
9.580000000000000000e+02 5.698000000000000383e-10 -2.734400000000000164e-01
9.600000000000000000e+02 4.899899999999999799e-10 -1.796899999999999886e-01
9.620000000000000000e+02 4.199600000000000160e-10 -7.031300000000000050e-02
9.640000000000000000e+02 3.558399999999999830e-10 -5.468800000000000050e-02
9.660000000000000000e+02 3.014999999999999928e-10 -6.250100000000000100e-02
9.680000000000000000e+02 2.539799999999999853e-10 3.125000000000000000e-02
9.700000000000000000e+02 2.146399999999999950e-10 1.796899999999999886e-01
9.720000000000000000e+02 1.821299999999999956e-10 0.000000000000000000e+00
9.740000000000000000e+02 1.541599999999999877e-10 1.250000000000000000e-01
9.760000000000000000e+02 1.321099999999999967e-10 2.812500000000000000e-01
9.780000000000000000e+02 1.141400000000000060e-10 1.640600000000000114e-01
9.800000000000000000e+02 9.959000000000000196e-11 3.828099999999999836e-01
9.820000000000000000e+02 8.799399999999999361e-11 0.000000000000000000e+00
9.840000000000000000e+02 7.798999999999999383e-11 3.593799999999999772e-01
9.860000000000000000e+02 7.003199999999999401e-11 -1.406300000000000050e-01
9.880000000000000000e+02 6.298299999999999850e-11 1.484399999999999886e-01
9.900000000000000000e+02 5.729800000000000081e-11 3.281299999999999772e-01
9.920000000000000000e+02 5.320600000000000088e-11 0.000000000000000000e+00
9.940000000000000000e+02 4.865799999999999886e-11 0.000000000000000000e+00
9.960000000000000000e+02 4.501999999999999679e-11 -2.109399999999999886e-01
9.980000000000000000e+02 4.229200000000000114e-11 -6.796900000000000164e-01
1.000000000000000000e+03 3.979100000000000120e-11 -2.421899999999999886e-01
1.002000000000000000e+03 3.797199999999999693e-11 2.500000000000000000e-01
1.004000000000000000e+03 3.615299999999999913e-11 2.578099999999999836e-01
1.006000000000000000e+03 3.478799999999999919e-11 -5.468800000000000328e-01
1.008000000000000000e+03 3.342400000000000137e-11 -5.703200000000000491e-01
1.010000000000000000e+03 3.160499999999999710e-11 0.000000000000000000e+00
1.012000000000000000e+03 3.114999999999999712e-11 -1.226599999999999913e+00
1.014000000000000000e+03 3.001300000000000146e-11 -6.406300000000000328e-01
1.016000000000000000e+03 2.887700000000000146e-11 -9.921900000000000164e-01
1.018000000000000000e+03 2.728499999999999935e-11 -1.398400000000000087e+00
1.020000000000000000e+03 2.660300000000000044e-11 -3.671900000000000164e-01
1.022000000000000000e+03 2.523899999999999939e-11 0.000000000000000000e+00
1.024000000000000000e+03 2.478399999999999941e-11 0.000000000000000000e+00
1.026000000000000000e+03 2.387399999999999945e-11 -1.593800000000000106e+00
1.028000000000000000e+03 2.319200000000000054e-11 -1.640600000000000058e+00
1.030000000000000000e+03 2.250999999999999839e-11 -4.218799999999999772e-01
1.032000000000000000e+03 2.182799999999999948e-11 -8.828200000000000491e-01
1.034000000000000000e+03 2.069100000000000059e-11 -1.835900000000000087e+00
1.036000000000000000e+03 1.978199999999999952e-11 -9.609400000000000164e-01
1.038000000000000000e+03 1.978199999999999952e-11 0.000000000000000000e+00
1.040000000000000000e+03 1.932699999999999954e-11 -4.921900000000000164e-01
1.042000000000000000e+03 1.864500000000000063e-11 -5.078200000000000491e-01
1.044000000000000000e+03 1.796299999999999848e-11 0.000000000000000000e+00
1.046000000000000000e+03 1.728000000000000069e-11 -5.546900000000000164e-01
1.048000000000000000e+03 1.637099999999999961e-11 -5.859400000000000164e-01
1.050000000000000000e+03 3.660699999999999699e-11 -2.656299999999999772e-01
1.052000000000000000e+03 4.411099999999999894e-11 8.593800000000000328e-01
1.054000000000000000e+03 4.661199999999999889e-11 -2.109399999999999886e-01
1.056000000000000000e+03 7.594299999999999821e-11 -6.328200000000000491e-01
1.058000000000000000e+03 8.844899999999999359e-11 -8.671900000000000164e-01
1.060000000000000000e+03 8.185499999999999806e-11 -3.515599999999999836e-01
