8.000000000000000000e+02 1.136899999999999932e-12 -8.132899999999999352e+00
8.020000000000000000e+02 4.547499999999999556e-13 -3.369599999999999795e+01
8.040000000000000000e+02 0.000000000000000000e+00 -4.500000000000000000e+01
8.060000000000000000e+02 0.000000000000000000e+00 8.999299999999999500e+01
8.080000000000000000e+02 2.273699999999999945e-13 -2.656299999999999883e+01
8.100000000000000000e+02 2.273699999999999945e-13 -1.165600000000000023e+02
8.120000000000000000e+02 4.547499999999999556e-13 0.000000000000000000e+00
8.140000000000000000e+02 2.273699999999999945e-13 8.999299999999999500e+01
8.160000000000000000e+02 4.547499999999999556e-13 1.842999999999999972e+01
8.180000000000000000e+02 4.547499999999999556e-13 -7.157099999999999795e+01
8.200000000000000000e+02 4.547499999999999556e-13 -5.631300000000000239e+01
8.220000000000000000e+02 4.547499999999999556e-13 -4.500000000000000000e+01
8.240000000000000000e+02 4.547499999999999556e-13 0.000000000000000000e+00
8.260000000000000000e+02 4.547499999999999556e-13 4.499199999999999733e+01
8.280000000000000000e+02 0.000000000000000000e+00 0.000000000000000000e+00
8.300000000000000000e+02 4.547499999999999556e-13 4.499199999999999733e+01
8.320000000000000000e+02 4.547499999999999556e-13 4.499199999999999733e+01
8.340000000000000000e+02 4.547499999999999556e-13 7.156300000000000239e+01
8.360000000000000000e+02 4.547499999999999556e-13 7.156300000000000239e+01
8.380000000000000000e+02 0.000000000000000000e+00 8.999299999999999500e+01
8.400000000000000000e+02 4.547499999999999556e-13 4.499199999999999733e+01
8.420000000000000000e+02 0.000000000000000000e+00 8.999299999999999500e+01
8.440000000000000000e+02 2.273699999999999945e-13 -1.165600000000000023e+02
8.460000000000000000e+02 4.547499999999999556e-13 -1.084300000000000068e+02
8.480000000000000000e+02 0.000000000000000000e+00 -9.000100000000000477e+01
8.500000000000000000e+02 4.547499999999999556e-13 -9.000100000000000477e+01
8.520000000000000000e+02 4.547499999999999556e-13 8.999299999999999500e+01
8.540000000000000000e+02 2.273699999999999945e-13 2.655499999999999972e+01
8.560000000000000000e+02 4.547499999999999556e-13 0.000000000000000000e+00
8.580000000000000000e+02 0.000000000000000000e+00 0.000000000000000000e+00
8.600000000000000000e+02 0.000000000000000000e+00 8.999299999999999500e+01
8.620000000000000000e+02 4.547499999999999556e-13 3.368800000000000239e+01
8.640000000000000000e+02 4.547499999999999556e-13 -4.500000000000000000e+01
8.660000000000000000e+02 0.000000000000000000e+00 0.000000000000000000e+00
8.680000000000000000e+02 2.273699999999999945e-13 -1.534399999999999977e+02
8.700000000000000000e+02 2.273699999999999945e-13 -9.000100000000000477e+01
8.720000000000000000e+02 2.273699999999999945e-13 -6.343800000000000239e+01
8.740000000000000000e+02 0.000000000000000000e+00 4.499199999999999733e+01
8.760000000000000000e+02 4.547499999999999556e-13 0.000000000000000000e+00
8.780000000000000000e+02 4.547499999999999556e-13 -1.843799999999999883e+01
8.800000000000000000e+02 4.547499999999999556e-13 1.842999999999999972e+01
8.820000000000000000e+02 4.547499999999999556e-13 4.499199999999999733e+01
8.840000000000000000e+02 0.000000000000000000e+00 0.000000000000000000e+00
8.860000000000000000e+02 2.273699999999999945e-13 -6.343800000000000239e+01
8.880000000000000000e+02 4.547499999999999556e-13 -1.843799999999999883e+01
8.900000000000000000e+02 0.000000000000000000e+00 -9.000100000000000477e+01
8.920000000000000000e+02 0.000000000000000000e+00 0.000000000000000000e+00
8.940000000000000000e+02 0.000000000000000000e+00 0.000000000000000000e+00
8.960000000000000000e+02 0.000000000000000000e+00 -4.500000000000000000e+01
8.980000000000000000e+02 4.547499999999999556e-13 -4.500000000000000000e+01
9.000000000000000000e+02 4.547499999999999556e-13 -1.403899999999999970e+01
9.020000000000000000e+02 4.547499999999999556e-13 0.000000000000000000e+00
9.040000000000000000e+02 6.821200000000000258e-13 2.179700000000000060e+01
9.060000000000000000e+02 4.547499999999999556e-13 2.655499999999999972e+01
9.080000000000000000e+02 2.273699999999999945e-13 2.655499999999999972e+01
9.100000000000000000e+02 4.547499999999999556e-13 0.000000000000000000e+00
9.120000000000000000e+02 4.547499999999999556e-13 -2.656299999999999883e+01
9.140000000000000000e+02 6.821200000000000258e-13 -1.131300000000000061e+01
9.160000000000000000e+02 9.094999999999999111e-13 0.000000000000000000e+00
9.180000000000000000e+02 6.821200000000000258e-13 -2.180499999999999972e+01
9.200000000000000000e+02 1.136899999999999932e-12 -1.403899999999999970e+01
9.220000000000000000e+02 1.136899999999999932e-12 -7.125000000000000000e+00
9.240000000000000000e+02 1.364199999999999983e-12 1.252399999999999913e+01
9.260000000000000000e+02 1.591600000000000004e-12 5.711000000000000298e+00
9.280000000000000000e+02 1.364199999999999983e-12 6.336000000000000298e+00
9.300000000000000000e+02 1.591600000000000004e-12 0.000000000000000000e+00
9.320000000000000000e+02 1.818999999999999822e-12 0.000000000000000000e+00
9.340000000000000000e+02 2.046399999999999843e-12 4.390699999999999825e+00
9.360000000000000000e+02 1.818999999999999822e-12 0.000000000000000000e+00
9.380000000000000000e+02 2.046399999999999843e-12 8.742300000000000182e+00
9.400000000000000000e+02 2.046399999999999843e-12 1.299200000000000088e+01
9.420000000000000000e+02 2.728499999999999935e-12 3.359399999999999942e+00
9.440000000000000000e+02 3.410600000000000028e-12 5.437500000000000000e+00
9.460000000000000000e+02 3.183299999999999977e-12 -5.718799999999999883e+00
9.480000000000000000e+02 3.410600000000000028e-12 -2.726599999999999913e+00
9.500000000000000000e+02 4.320099999999999737e-12 2.195300000000000029e+00
9.520000000000000000e+02 4.092700000000000120e-12 -2.296899999999999942e+00
9.540000000000000000e+02 4.547500000000000161e-12 -4.086000000000000298e+00
9.560000000000000000e+02 5.456999999999999871e-12 3.359399999999999942e+00
9.580000000000000000e+02 5.911700000000000346e-12 -3.187500000000000000e+00
9.600000000000000000e+02 6.366500000000000388e-12 1.468800000000000106e+00
9.620000000000000000e+02 6.821200000000000056e-12 -4.195299999999999585e+00
9.640000000000000000e+02 6.821200000000000056e-12 -1.367199999999999971e+00
9.660000000000000000e+02 7.958099999999999381e-12 1.187500000000000000e+00
9.680000000000000000e+02 8.412900000000000230e-12 -3.367199999999999971e+00
9.700000000000000000e+02 9.322400000000000747e-12 0.000000000000000000e+00
9.720000000000000000e+02 9.549699999999999991e-12 -9.921900000000000164e-01
9.740000000000000000e+02 1.045899999999999976e-11 0.000000000000000000e+00
9.760000000000000000e+02 1.114100000000000029e-11 -8.515700000000000491e-01
9.780000000000000000e+02 1.114100000000000029e-11 -8.515700000000000491e-01
9.800000000000000000e+02 1.227800000000000080e-11 0.000000000000000000e+00
9.820000000000000000e+02 1.250600000000000023e-11 -7.578200000000000491e-01
9.840000000000000000e+02 1.318800000000000075e-11 0.000000000000000000e+00
9.860000000000000000e+02 1.318800000000000075e-11 -7.187500000000000000e-01
9.880000000000000000e+02 1.364200000000000023e-11 -1.382800000000000029e+00
9.900000000000000000e+02 1.409700000000000021e-11 -1.351599999999999913e+00
9.920000000000000000e+02 1.432499999999999965e-11 -2.664099999999999913e+00
9.940000000000000000e+02 1.455199999999999858e-11 -1.304699999999999971e+00
9.960000000000000000e+02 1.455199999999999858e-11 -1.304699999999999971e+00
9.980000000000000000e+02 1.477900000000000074e-11 1.289099999999999913e+00
1.000000000000000000e+03 1.432499999999999965e-11 0.000000000000000000e+00
1.002000000000000000e+03 1.432499999999999965e-11 -2.000000000000000000e+00
1.004000000000000000e+03 1.409700000000000021e-11 -1.351599999999999913e+00
1.006000000000000000e+03 1.364200000000000023e-11 -1.382800000000000029e+00
1.008000000000000000e+03 1.295999999999999971e-11 -1.476599999999999913e+00
1.010000000000000000e+03 1.182399999999999970e-11 -2.421899999999999942e+00
1.012000000000000000e+03 1.091399999999999974e-11 -1.734399999999999942e+00
1.014000000000000000e+03 1.045899999999999976e-11 -3.578100000000000058e+00
1.016000000000000000e+03 9.549699999999999991e-12 -2.968799999999999883e+00
1.018000000000000000e+03 9.095000000000000323e-12 -2.085900000000000087e+00
1.020000000000000000e+03 7.958099999999999381e-12 -3.507800000000000029e+00
1.022000000000000000e+03 6.821200000000000056e-12 -2.796899999999999942e+00
1.024000000000000000e+03 6.593900000000000004e-12 -1.437500000000000000e+00
1.026000000000000000e+03 5.911700000000000346e-12 -1.593800000000000106e+00
1.028000000000000000e+03 4.774899999999999778e-12 -1.976599999999999913e+00
1.030000000000000000e+03 4.320099999999999737e-12 -6.343799999999999883e+00
1.032000000000000000e+03 3.865400000000000069e-12 -4.765699999999999825e+00
1.034000000000000000e+03 2.728499999999999935e-12 -3.367199999999999971e+00
1.036000000000000000e+03 2.955899999999999956e-12 -3.187500000000000000e+00
1.038000000000000000e+03 2.501099999999999915e-12 0.000000000000000000e+00
1.040000000000000000e+03 1.818999999999999822e-12 -9.468799999999999883e+00
1.042000000000000000e+03 1.818999999999999822e-12 9.461000000000000298e+00
1.044000000000000000e+03 1.364199999999999983e-12 0.000000000000000000e+00
1.046000000000000000e+03 1.136899999999999932e-12 -7.125000000000000000e+00
1.048000000000000000e+03 1.136899999999999932e-12 1.403100000000000058e+01
1.050000000000000000e+03 5.002199999999999829e-12 7.343799999999999883e+00
1.052000000000000000e+03 8.867599999999999898e-12 1.054699999999999971e+00
1.054000000000000000e+03 1.114100000000000029e-11 3.414099999999999913e+00
1.056000000000000000e+03 1.864500000000000063e-11 5.000000000000000000e-01
1.058000000000000000e+03 2.364700000000000052e-11 2.812500000000000000e+00
1.060000000000000000e+03 2.114600000000000057e-11 2.703100000000000058e+00
