8.000000000000000000e+02 5.002199999999999829e-12 0.000000000000000000e+00
8.020000000000000000e+02 2.501099999999999915e-12 -1.062500000000000000e+01
8.040000000000000000e+02 1.818999999999999822e-12 0.000000000000000000e+00
8.060000000000000000e+02 1.136899999999999932e-12 0.000000000000000000e+00
8.080000000000000000e+02 4.547499999999999556e-13 0.000000000000000000e+00
8.100000000000000000e+02 4.547499999999999556e-13 -2.656299999999999883e+01
8.120000000000000000e+02 4.547499999999999556e-13 1.842999999999999972e+01
8.140000000000000000e+02 1.136899999999999932e-12 0.000000000000000000e+00
8.160000000000000000e+02 4.547499999999999556e-13 -4.500000000000000000e+01
8.180000000000000000e+02 4.547499999999999556e-13 -5.631300000000000239e+01
8.200000000000000000e+02 9.094999999999999111e-13 -9.468799999999999883e+00
8.220000000000000000e+02 4.547499999999999556e-13 1.842999999999999972e+01
8.240000000000000000e+02 2.273699999999999945e-13 2.655499999999999972e+01
8.260000000000000000e+02 4.547499999999999556e-13 -1.403899999999999970e+01
8.280000000000000000e+02 4.547499999999999556e-13 -5.631300000000000239e+01
8.300000000000000000e+02 4.547499999999999556e-13 7.156300000000000239e+01
8.320000000000000000e+02 4.547499999999999556e-13 -5.631300000000000239e+01
8.340000000000000000e+02 6.821200000000000258e-13 -1.131300000000000061e+01
8.360000000000000000e+02 6.821200000000000258e-13 3.686699999999999733e+01
8.380000000000000000e+02 9.094999999999999111e-13 -1.843799999999999883e+01
8.400000000000000000e+02 6.821200000000000258e-13 2.179700000000000060e+01
8.420000000000000000e+02 0.000000000000000000e+00 4.499199999999999733e+01
8.440000000000000000e+02 4.547499999999999556e-13 -4.500000000000000000e+01
8.460000000000000000e+02 6.821200000000000258e-13 -1.131300000000000061e+01
8.480000000000000000e+02 6.821200000000000258e-13 1.130499999999999972e+01
8.500000000000000000e+02 2.273699999999999945e-13 6.342999999999999972e+01
8.520000000000000000e+02 4.547499999999999556e-13 -5.631300000000000239e+01
8.540000000000000000e+02 4.547499999999999556e-13 -2.656299999999999883e+01
8.560000000000000000e+02 2.273699999999999945e-13 -6.343800000000000239e+01
8.580000000000000000e+02 1.136899999999999932e-12 -1.595299999999999940e+01
8.600000000000000000e+02 4.547499999999999556e-13 -1.403899999999999970e+01
8.620000000000000000e+02 0.000000000000000000e+00 4.499199999999999733e+01
8.640000000000000000e+02 6.821200000000000258e-13 -3.687500000000000000e+01
8.660000000000000000e+02 6.821200000000000258e-13 -2.180499999999999972e+01
8.680000000000000000e+02 1.136899999999999932e-12 -2.975000000000000000e+01
8.700000000000000000e+02 4.547499999999999556e-13 0.000000000000000000e+00
8.720000000000000000e+02 9.094999999999999111e-13 -1.843799999999999883e+01
8.740000000000000000e+02 6.821200000000000258e-13 1.130499999999999972e+01
8.760000000000000000e+02 4.547499999999999556e-13 -1.843799999999999883e+01
8.780000000000000000e+02 9.094999999999999111e-13 -9.468799999999999883e+00
8.800000000000000000e+02 1.136899999999999932e-12 7.117200000000000415e+00
8.820000000000000000e+02 1.136899999999999932e-12 0.000000000000000000e+00
8.840000000000000000e+02 9.094999999999999111e-13 -9.468799999999999883e+00
8.860000000000000000e+02 1.364199999999999983e-12 6.336000000000000298e+00
8.880000000000000000e+02 1.591600000000000004e-12 -5.718799999999999883e+00
8.900000000000000000e+02 2.046399999999999843e-12 -8.750099999999999767e+00
8.920000000000000000e+02 2.728499999999999935e-12 6.703199999999999825e+00
8.940000000000000000e+02 2.728499999999999935e-12 0.000000000000000000e+00
8.960000000000000000e+02 3.637999999999999645e-12 -2.609399999999999942e+00
8.980000000000000000e+02 4.547500000000000161e-12 -2.046899999999999942e+00
9.000000000000000000e+02 5.456999999999999871e-12 0.000000000000000000e+00
9.020000000000000000e+02 6.821200000000000056e-12 5.570299999999999585e+00
9.040000000000000000e+02 7.958099999999999381e-12 1.187500000000000000e+00
9.060000000000000000e+02 1.068699999999999919e-11 8.750000000000000000e-01
9.080000000000000000e+02 1.273300000000000078e-11 2.226599999999999913e+00
9.100000000000000000e+02 1.568900000000000070e-11 2.406299999999999883e+00
9.120000000000000000e+02 2.000899999999999845e-11 4.687500000000000000e-01
9.140000000000000000e+02 2.501100000000000157e-11 3.750000000000000000e-01
9.160000000000000000e+02 3.092300000000000142e-11 0.000000000000000000e+00
9.180000000000000000e+02 3.728899999999999914e-11 7.578200000000000491e-01
9.200000000000000000e+02 4.547500000000000323e-11 -2.109399999999999886e-01
9.220000000000000000e+02 5.616200000000000081e-11 1.640600000000000114e-01
9.240000000000000000e+02 6.707599999999999409e-11 2.812500000000000000e-01
9.260000000000000000e+02 7.912599999999999384e-11 3.593799999999999772e-01
9.280000000000000000e+02 9.276899999999999780e-11 4.062500000000000000e-01
9.300000000000000000e+02 1.082299999999999975e-10 8.593800000000000050e-02
9.320000000000000000e+02 1.239199999999999970e-10 7.031300000000000050e-02
9.340000000000000000e+02 1.398400000000000051e-10 1.328100000000000114e-01
9.360000000000000000e+02 1.557500000000000050e-10 -1.875000000000000000e-01
9.380000000000000000e+02 1.714400000000000046e-10 -2.812500000000000000e-01
9.400000000000000000e+02 1.864500000000000127e-10 -2.656299999999999772e-01
9.420000000000000000e+02 1.991800000000000039e-10 -3.906299999999999772e-01
9.440000000000000000e+02 2.105500000000000122e-10 -5.000000000000000000e-01
9.460000000000000000e+02 2.185100000000000033e-10 -4.453099999999999836e-01
9.480000000000000000e+02 2.235100000000000119e-10 -6.484400000000000164e-01
9.500000000000000000e+02 2.248699999999999948e-10 -6.796900000000000164e-01
9.520000000000000000e+02 2.226000000000000120e-10 -7.343800000000000328e-01
9.540000000000000000e+02 2.162300000000000122e-10 -8.437500000000000000e-01
9.560000000000000000e+02 2.071399999999999950e-10 -9.687500000000000000e-01
9.580000000000000000e+02 1.948600000000000126e-10 -9.843800000000000328e-01
9.600000000000000000e+02 1.807600000000000045e-10 -1.007800000000000029e+00
9.620000000000000000e+02 1.648500000000000046e-10 -9.296900000000000164e-01
9.640000000000000000e+02 1.480199999999999965e-10 -9.062500000000000000e-01
9.660000000000000000e+02 1.314199999999999970e-10 -8.750000000000000000e-01
9.680000000000000000e+02 1.159600000000000059e-10 -8.281300000000000328e-01
9.700000000000000000e+02 1.002700000000000063e-10 -9.531300000000000328e-01
9.720000000000000000e+02 8.640199999999999797e-11 -1.109399999999999942e+00
9.740000000000000000e+02 7.412399999999999394e-11 -7.812500000000000000e-01
9.760000000000000000e+02 6.298299999999999850e-11 -6.093800000000000328e-01
9.780000000000000000e+02 5.411499999999999873e-11 -1.062500000000000000e+00
9.800000000000000000e+02 4.593000000000000321e-11 -1.250000000000000000e+00
9.820000000000000000e+02 4.001799999999999690e-11 -1.195300000000000029e+00
9.840000000000000000e+02 3.433400000000000133e-11 -2.812500000000000000e-01
9.860000000000000000e+02 3.001300000000000146e-11 -1.273400000000000087e+00
9.880000000000000000e+02 2.614800000000000046e-11 -3.671900000000000164e-01
9.900000000000000000e+02 2.364700000000000052e-11 -8.046900000000000164e-01
9.920000000000000000e+02 2.114600000000000057e-11 -1.351599999999999913e+00
9.940000000000000000e+02 1.978199999999999952e-11 0.000000000000000000e+00
9.960000000000000000e+02 1.864500000000000063e-11 -1.023400000000000087e+00
9.980000000000000000e+02 1.773500000000000067e-11 -1.609399999999999942e+00
1.000000000000000000e+03 1.682599999999999959e-11 -1.140600000000000058e+00
1.002000000000000000e+03 1.568900000000000070e-11 -2.414099999999999913e+00
1.004000000000000000e+03 1.546199999999999854e-11 -6.171900000000000164e-01
1.006000000000000000e+03 1.477900000000000074e-11 -6.406300000000000328e-01
1.008000000000000000e+03 1.523400000000000072e-11 -6.250000000000000000e-01
1.010000000000000000e+03 1.432499999999999965e-11 -1.976599999999999913e+00
1.012000000000000000e+03 1.432499999999999965e-11 -1.976599999999999913e+00
1.014000000000000000e+03 1.409700000000000021e-11 -2.023400000000000087e+00
1.016000000000000000e+03 1.409700000000000021e-11 -2.695300000000000029e+00
1.018000000000000000e+03 1.386999999999999967e-11 -2.046899999999999942e+00
1.020000000000000000e+03 1.295999999999999971e-11 0.000000000000000000e+00
1.022000000000000000e+03 1.318800000000000075e-11 -7.187500000000000000e-01
1.024000000000000000e+03 1.250600000000000023e-11 -7.578200000000000491e-01
1.026000000000000000e+03 1.295999999999999971e-11 -1.453100000000000058e+00
1.028000000000000000e+03 1.227800000000000080e-11 0.000000000000000000e+00
1.030000000000000000e+03 1.227800000000000080e-11 7.734400000000000164e-01
1.032000000000000000e+03 1.159600000000000027e-11 -2.460900000000000087e+00
1.034000000000000000e+03 1.205100000000000025e-11 -7.890700000000000491e-01
1.036000000000000000e+03 1.159600000000000027e-11 -3.273400000000000087e+00
1.038000000000000000e+03 1.136899999999999972e-11 8.203200000000000491e-01
1.040000000000000000e+03 1.114100000000000029e-11 0.000000000000000000e+00
1.042000000000000000e+03 1.114100000000000029e-11 -3.367199999999999971e+00
1.044000000000000000e+03 1.068699999999999919e-11 0.000000000000000000e+00
1.046000000000000000e+03 1.114100000000000029e-11 -3.367199999999999971e+00
1.048000000000000000e+03 1.045899999999999976e-11 -8.984400000000000164e-01
1.050000000000000000e+03 3.228699999999999924e-11 -5.039100000000000357e+00
1.052000000000000000e+03 4.524800000000000107e-11 -8.250099999999999767e+00
1.054000000000000000e+03 5.616200000000000081e-11 -7.484399999999999942e+00
1.056000000000000000e+03 9.276899999999999780e-11 -6.796899999999999942e+00
1.058000000000000000e+03 1.077800000000000016e-10 -6.570299999999999585e+00
1.060000000000000000e+03 9.913500000000000198e-11 -6.070299999999999585e+00
