8.000000000000000000e+02 6.821200000000000258e-13 1.130499999999999972e+01
8.020000000000000000e+02 2.273699999999999945e-13 -2.656299999999999883e+01
8.040000000000000000e+02 2.273699999999999945e-13 2.655499999999999972e+01
8.060000000000000000e+02 0.000000000000000000e+00 0.000000000000000000e+00
8.080000000000000000e+02 4.547499999999999556e-13 -9.000100000000000477e+01
8.100000000000000000e+02 0.000000000000000000e+00 -4.500000000000000000e+01
8.120000000000000000e+02 0.000000000000000000e+00 8.999299999999999500e+01
8.140000000000000000e+02 4.547499999999999556e-13 1.615600000000000023e+02
8.160000000000000000e+02 4.547499999999999556e-13 1.349900000000000091e+02
8.180000000000000000e+02 0.000000000000000000e+00 8.999299999999999500e+01
8.200000000000000000e+02 4.547499999999999556e-13 4.499199999999999733e+01
8.220000000000000000e+02 0.000000000000000000e+00 -9.000100000000000477e+01
8.240000000000000000e+02 4.547499999999999556e-13 -1.403899999999999970e+01
8.260000000000000000e+02 4.547499999999999556e-13 3.368800000000000239e+01
8.280000000000000000e+02 2.273699999999999945e-13 1.799900000000000091e+02
8.300000000000000000e+02 2.273699999999999945e-13 -1.165600000000000023e+02
8.320000000000000000e+02 0.000000000000000000e+00 0.000000000000000000e+00
8.340000000000000000e+02 2.273699999999999945e-13 8.999299999999999500e+01
8.360000000000000000e+02 4.547499999999999556e-13 1.463100000000000023e+02
8.380000000000000000e+02 2.273699999999999945e-13 1.165600000000000023e+02
8.400000000000000000e+02 0.000000000000000000e+00 1.799900000000000091e+02
8.420000000000000000e+02 4.547499999999999556e-13 -7.157099999999999795e+01
8.440000000000000000e+02 4.547499999999999556e-13 -4.500000000000000000e+01
8.460000000000000000e+02 2.273699999999999945e-13 0.000000000000000000e+00
8.480000000000000000e+02 0.000000000000000000e+00 4.499199999999999733e+01
8.500000000000000000e+02 2.273699999999999945e-13 1.799900000000000091e+02
8.520000000000000000e+02 2.273699999999999945e-13 1.799900000000000091e+02
8.540000000000000000e+02 2.273699999999999945e-13 1.799900000000000091e+02
8.560000000000000000e+02 4.547499999999999556e-13 -7.157099999999999795e+01
8.580000000000000000e+02 4.547499999999999556e-13 -1.403899999999999970e+01
8.600000000000000000e+02 4.547499999999999556e-13 -4.500000000000000000e+01
8.620000000000000000e+02 4.547499999999999556e-13 -1.843799999999999883e+01
8.640000000000000000e+02 6.821200000000000258e-13 0.000000000000000000e+00
8.660000000000000000e+02 4.547499999999999556e-13 0.000000000000000000e+00
8.680000000000000000e+02 4.547499999999999556e-13 -1.843799999999999883e+01
8.700000000000000000e+02 4.547499999999999556e-13 -4.500000000000000000e+01
8.720000000000000000e+02 4.547499999999999556e-13 -7.157099999999999795e+01
8.740000000000000000e+02 0.000000000000000000e+00 8.999299999999999500e+01
8.760000000000000000e+02 0.000000000000000000e+00 4.499199999999999733e+01
8.780000000000000000e+02 4.547499999999999556e-13 0.000000000000000000e+00
8.800000000000000000e+02 2.273699999999999945e-13 -6.343800000000000239e+01
8.820000000000000000e+02 2.273699999999999945e-13 -2.656299999999999883e+01
8.840000000000000000e+02 0.000000000000000000e+00 -4.500000000000000000e+01
8.860000000000000000e+02 0.000000000000000000e+00 4.499199999999999733e+01
8.880000000000000000e+02 4.547499999999999556e-13 -1.403899999999999970e+01
8.900000000000000000e+02 4.547499999999999556e-13 -4.500000000000000000e+01
8.920000000000000000e+02 2.273699999999999945e-13 -2.656299999999999883e+01
8.940000000000000000e+02 2.273699999999999945e-13 -6.343800000000000239e+01
8.960000000000000000e+02 0.000000000000000000e+00 0.000000000000000000e+00
8.980000000000000000e+02 4.547499999999999556e-13 -3.369599999999999795e+01
9.000000000000000000e+02 9.094999999999999111e-13 0.000000000000000000e+00
9.020000000000000000e+02 6.821200000000000258e-13 0.000000000000000000e+00
9.040000000000000000e+02 4.547499999999999556e-13 -1.403899999999999970e+01
9.060000000000000000e+02 1.364199999999999983e-12 -1.253100000000000058e+01
9.080000000000000000e+02 1.364199999999999983e-12 -6.343799999999999883e+00
9.100000000000000000e+02 1.364199999999999983e-12 6.336000000000000298e+00
9.120000000000000000e+02 1.136899999999999932e-12 1.403100000000000058e+01
9.140000000000000000e+02 1.364199999999999983e-12 1.252399999999999913e+01
9.160000000000000000e+02 1.818999999999999822e-12 1.403100000000000058e+01
9.180000000000000000e+02 2.046399999999999843e-12 8.742300000000000182e+00
9.200000000000000000e+02 2.273799999999999863e-12 7.593799999999999883e+00
9.220000000000000000e+02 2.955899999999999956e-12 -3.015600000000000058e+00
9.240000000000000000e+02 2.955899999999999956e-12 3.007800000000000029e+00
9.260000000000000000e+02 3.637999999999999645e-12 2.601599999999999913e+00
9.280000000000000000e+02 4.320099999999999737e-12 2.195300000000000029e+00
9.300000000000000000e+02 4.774899999999999778e-12 -1.914099999999999913e+00
9.320000000000000000e+02 5.456999999999999871e-12 -1.687500000000000000e+00
9.340000000000000000e+02 5.911700000000000346e-12 4.757799999999999585e+00
9.360000000000000000e+02 7.048599999999999672e-12 5.312500000000000000e+00
9.380000000000000000e+02 8.185499999999999806e-12 0.000000000000000000e+00
9.400000000000000000e+02 8.640300000000000655e-12 1.078100000000000058e+00
9.420000000000000000e+02 9.777100000000000415e-12 3.875000000000000000e+00
9.440000000000000000e+02 1.068699999999999919e-11 1.757800000000000029e+00
9.460000000000000000e+02 1.205100000000000025e-11 2.351599999999999913e+00
9.480000000000000000e+02 1.341499999999999969e-11 1.414099999999999913e+00
9.500000000000000000e+02 1.477900000000000074e-11 -6.406300000000000328e-01
9.520000000000000000e+02 1.614400000000000068e-11 1.179699999999999971e+00
9.540000000000000000e+02 1.796299999999999848e-11 -1.593800000000000106e+00
9.560000000000000000e+02 1.955399999999999847e-11 4.843799999999999772e-01
9.580000000000000000e+02 2.160100000000000055e-11 8.750000000000000000e-01
9.600000000000000000e+02 2.273799999999999944e-11 -8.359400000000000164e-01
9.620000000000000000e+02 2.410200000000000050e-11 -3.984400000000000164e-01
9.640000000000000000e+02 2.614800000000000046e-11 -3.671900000000000164e-01
9.660000000000000000e+02 2.728499999999999935e-11 -7.031300000000000328e-01
9.680000000000000000e+02 2.910399999999999716e-11 6.484400000000000164e-01
9.700000000000000000e+02 3.001300000000000146e-11 -6.406300000000000328e-01
9.720000000000000000e+02 3.137800000000000140e-11 -9.140700000000000491e-01
9.740000000000000000e+02 3.183199999999999926e-11 -8.984400000000000164e-01
9.760000000000000000e+02 3.251499999999999706e-11 0.000000000000000000e+00
9.780000000000000000e+02 3.274199999999999922e-11 0.000000000000000000e+00
9.800000000000000000e+02 3.228699999999999924e-11 -2.968799999999999772e-01
9.820000000000000000e+02 3.251499999999999706e-11 0.000000000000000000e+00
9.840000000000000000e+02 3.183199999999999926e-11 -3.046900000000000164e-01
9.860000000000000000e+02 3.046800000000000144e-11 0.000000000000000000e+00
9.880000000000000000e+02 2.933099999999999932e-11 -3.281299999999999772e-01
9.900000000000000000e+02 2.796700000000000150e-11 3.359400000000000164e-01
9.920000000000000000e+02 2.614800000000000046e-11 -7.265700000000000491e-01
9.940000000000000000e+02 2.478399999999999941e-11 -3.906299999999999772e-01
9.960000000000000000e+02 2.296500000000000161e-11 -1.242199999999999971e+00
9.980000000000000000e+02 2.046399999999999843e-11 -2.328100000000000058e+00
1.000000000000000000e+03 1.864500000000000063e-11 -5.078200000000000491e-01
1.002000000000000000e+03 1.591599999999999963e-11 -6.015700000000000491e-01
1.004000000000000000e+03 1.409700000000000021e-11 -6.796900000000000164e-01
1.006000000000000000e+03 1.227800000000000080e-11 -7.812500000000000000e-01
1.008000000000000000e+03 1.114100000000000029e-11 -1.687500000000000000e+00
1.010000000000000000e+03 9.777100000000000415e-12 0.000000000000000000e+00
1.012000000000000000e+03 8.640300000000000655e-12 0.000000000000000000e+00
1.014000000000000000e+03 7.048599999999999672e-12 0.000000000000000000e+00
1.016000000000000000e+03 6.366500000000000388e-12 -4.398500000000000298e+00
1.018000000000000000e+03 5.456999999999999871e-12 -3.468799999999999883e+00
1.020000000000000000e+03 4.774899999999999778e-12 1.968800000000000106e+00
1.022000000000000000e+03 4.320099999999999737e-12 2.195300000000000029e+00
1.024000000000000000e+03 3.183299999999999977e-12 2.859399999999999942e+00
1.026000000000000000e+03 2.955899999999999956e-12 0.000000000000000000e+00
1.028000000000000000e+03 2.955899999999999956e-12 0.000000000000000000e+00
1.030000000000000000e+03 2.501099999999999915e-12 1.061700000000000088e+01
1.032000000000000000e+03 2.273799999999999863e-12 3.812500000000000000e+00
1.034000000000000000e+03 1.818999999999999822e-12 5.195299999999999585e+00
1.036000000000000000e+03 2.046399999999999843e-12 4.390699999999999825e+00
1.038000000000000000e+03 2.273799999999999863e-12 4.078199999999999825e+00
1.040000000000000000e+03 1.818999999999999822e-12 -5.203199999999999825e+00
1.042000000000000000e+03 1.818999999999999822e-12 0.000000000000000000e+00
1.044000000000000000e+03 1.136899999999999932e-12 7.117200000000000415e+00
1.046000000000000000e+03 1.591600000000000004e-12 -1.131300000000000061e+01
1.048000000000000000e+03 1.136899999999999932e-12 -7.125000000000000000e+00
1.050000000000000000e+03 4.320099999999999737e-12 -6.343799999999999883e+00
1.052000000000000000e+03 7.275999999999999289e-12 0.000000000000000000e+00
1.054000000000000000e+03 1.000399999999999978e-11 2.812500000000000000e+00
1.056000000000000000e+03 1.614400000000000068e-11 1.179699999999999971e+00
1.058000000000000000e+03 1.909899999999999849e-11 9.921900000000000164e-01
1.060000000000000000e+03 1.796299999999999848e-11 2.117199999999999971e+00
