8.000000000000000000e+02 4.320099999999999737e-12 -6.586000000000000298e+00
8.020000000000000000e+02 2.273799999999999863e-12 3.812500000000000000e+00
8.040000000000000000e+02 1.364199999999999983e-12 0.000000000000000000e+00
8.060000000000000000e+02 1.136899999999999932e-12 -1.595299999999999940e+01
8.080000000000000000e+02 6.821200000000000258e-13 0.000000000000000000e+00
8.100000000000000000e+02 4.547499999999999556e-13 0.000000000000000000e+00
8.120000000000000000e+02 4.547499999999999556e-13 0.000000000000000000e+00
8.140000000000000000e+02 2.273699999999999945e-13 0.000000000000000000e+00
8.160000000000000000e+02 0.000000000000000000e+00 -4.500000000000000000e+01
8.180000000000000000e+02 4.547499999999999556e-13 0.000000000000000000e+00
8.200000000000000000e+02 4.547499999999999556e-13 0.000000000000000000e+00
8.220000000000000000e+02 0.000000000000000000e+00 4.499199999999999733e+01
8.240000000000000000e+02 4.547499999999999556e-13 -1.843799999999999883e+01
8.260000000000000000e+02 4.547499999999999556e-13 -6.343800000000000239e+01
8.280000000000000000e+02 4.547499999999999556e-13 0.000000000000000000e+00
8.300000000000000000e+02 4.547499999999999556e-13 -1.843799999999999883e+01
8.320000000000000000e+02 6.821200000000000258e-13 -2.180499999999999972e+01
8.340000000000000000e+02 2.273699999999999945e-13 0.000000000000000000e+00
8.360000000000000000e+02 6.821200000000000258e-13 -1.131300000000000061e+01
8.380000000000000000e+02 4.547499999999999556e-13 -1.403899999999999970e+01
8.400000000000000000e+02 4.547499999999999556e-13 -1.843799999999999883e+01
8.420000000000000000e+02 4.547499999999999556e-13 -7.157099999999999795e+01
8.440000000000000000e+02 6.821200000000000258e-13 -2.180499999999999972e+01
8.460000000000000000e+02 2.273699999999999945e-13 0.000000000000000000e+00
8.480000000000000000e+02 9.094999999999999111e-13 0.000000000000000000e+00
8.500000000000000000e+02 4.547499999999999556e-13 0.000000000000000000e+00
8.520000000000000000e+02 4.547499999999999556e-13 -1.403899999999999970e+01
8.540000000000000000e+02 2.273699999999999945e-13 2.655499999999999972e+01
8.560000000000000000e+02 4.547499999999999556e-13 0.000000000000000000e+00
8.580000000000000000e+02 6.821200000000000258e-13 0.000000000000000000e+00
8.600000000000000000e+02 9.094999999999999111e-13 1.842999999999999972e+01
8.620000000000000000e+02 6.821200000000000258e-13 1.130499999999999972e+01
8.640000000000000000e+02 9.094999999999999111e-13 9.461000000000000298e+00
8.660000000000000000e+02 6.821200000000000258e-13 -2.180499999999999972e+01
8.680000000000000000e+02 1.136899999999999932e-12 7.117200000000000415e+00
8.700000000000000000e+02 6.821200000000000258e-13 0.000000000000000000e+00
8.720000000000000000e+02 9.094999999999999111e-13 0.000000000000000000e+00
8.740000000000000000e+02 1.136899999999999932e-12 -2.320299999999999940e+01
8.760000000000000000e+02 1.591600000000000004e-12 -5.718799999999999883e+00
8.780000000000000000e+02 9.094999999999999111e-13 0.000000000000000000e+00
8.800000000000000000e+02 1.136899999999999932e-12 -8.132899999999999352e+00
8.820000000000000000e+02 1.818999999999999822e-12 -1.031300000000000061e+01
8.840000000000000000e+02 1.136899999999999932e-12 -1.403899999999999970e+01
8.860000000000000000e+02 1.591600000000000004e-12 0.000000000000000000e+00
8.880000000000000000e+02 2.046399999999999843e-12 -4.398500000000000298e+00
8.900000000000000000e+02 2.273799999999999863e-12 3.812500000000000000e+00
8.920000000000000000e+02 2.501099999999999915e-12 1.061700000000000088e+01
8.940000000000000000e+02 2.728499999999999935e-12 0.000000000000000000e+00
8.960000000000000000e+02 4.092700000000000120e-12 2.289099999999999913e+00
8.980000000000000000e+02 5.002199999999999829e-12 5.523500000000000298e+00
9.000000000000000000e+02 6.139099999999999963e-12 -1.507800000000000029e+00
9.020000000000000000e+02 7.503399999999999713e-12 0.000000000000000000e+00
9.040000000000000000e+02 1.000399999999999978e-11 0.000000000000000000e+00
9.060000000000000000e+02 1.250600000000000023e-11 1.500000000000000000e+00
9.080000000000000000e+02 1.568900000000000070e-11 0.000000000000000000e+00
9.100000000000000000e+02 2.000899999999999845e-11 1.421899999999999942e+00
9.120000000000000000e+02 2.478399999999999941e-11 1.531300000000000106e+00
9.140000000000000000e+02 3.069599999999999926e-11 1.234399999999999942e+00
9.160000000000000000e+02 3.797199999999999693e-11 5.000000000000000000e-01
9.180000000000000000e+02 4.661199999999999889e-11 8.125000000000000000e-01
9.200000000000000000e+02 5.729800000000000081e-11 8.203200000000000491e-01
9.220000000000000000e+02 6.980400000000000266e-11 6.796900000000000164e-01
9.240000000000000000e+02 8.458299999999999371e-11 2.265600000000000114e-01
9.260000000000000000e+02 1.005000000000000019e-10 4.687500000000000000e-01
9.280000000000000000e+02 1.175499999999999973e-10 5.625000000000000000e-01
9.300000000000000000e+02 1.371100000000000053e-10 2.734400000000000164e-01
9.320000000000000000e+02 1.562099999999999962e-10 3.046900000000000164e-01
9.340000000000000000e+02 1.762100000000000047e-10 1.562500000000000000e-01
9.360000000000000000e+02 1.953200000000000038e-10 9.375100000000000100e-02
9.380000000000000000e+02 2.139600000000000035e-10 -1.875000000000000000e-01
9.400000000000000000e+02 2.301000000000000119e-10 -8.593800000000000050e-02
9.420000000000000000e+02 2.437500000000000113e-10 -3.593799999999999772e-01
9.440000000000000000e+02 2.539799999999999853e-10 -4.140599999999999836e-01
9.460000000000000000e+02 2.608000000000000196e-10 -5.468800000000000328e-01
9.480000000000000000e+02 2.630700000000000025e-10 -6.562500000000000000e-01
9.500000000000000000e+02 2.601199999999999765e-10 -7.031300000000000328e-01
9.520000000000000000e+02 2.544300000000000199e-10 -7.187500000000000000e-01
9.540000000000000000e+02 2.430599999999999858e-10 -7.500000000000000000e-01
9.560000000000000000e+02 2.294199999999999946e-10 -9.218800000000000328e-01
9.580000000000000000e+02 2.128199999999999951e-10 -9.843800000000000328e-01
9.600000000000000000e+02 1.935000000000000039e-10 -1.039099999999999913e+00
9.620000000000000000e+02 1.746199999999999874e-10 -1.093800000000000106e+00
9.640000000000000000e+02 1.548400000000000050e-10 -1.117199999999999971e+00
9.660000000000000000e+02 1.348299999999999883e-10 -9.218800000000000328e-01
9.680000000000000000e+02 1.166399999999999974e-10 -1.234399999999999942e+00
9.700000000000000000e+02 1.002700000000000063e-10 -8.593800000000000328e-01
9.720000000000000000e+02 8.549299999999999367e-11 -1.015600000000000058e+00
9.740000000000000000e+02 7.276000000000000258e-11 -1.187500000000000000e+00
9.760000000000000000e+02 6.139100000000000286e-11 -1.398400000000000087e+00
9.780000000000000000e+02 5.252399999999999874e-11 -1.093800000000000106e+00
9.800000000000000000e+02 4.479300000000000109e-11 -8.593800000000000328e-01
9.820000000000000000e+02 3.910899999999999905e-11 -9.843800000000000328e-01
9.840000000000000000e+02 3.365199999999999918e-11 -8.515700000000000491e-01
9.860000000000000000e+02 3.024099999999999928e-11 -3.125000000000000000e-01
9.880000000000000000e+02 2.705800000000000042e-11 -1.406300000000000106e+00
9.900000000000000000e+02 2.455600000000000159e-11 -1.937500000000000000e+00
9.920000000000000000e+02 2.228299999999999946e-11 -1.273400000000000087e+00
9.940000000000000000e+02 2.137299999999999950e-11 4.375000000000000000e-01
9.960000000000000000e+02 1.978199999999999952e-11 -1.453100000000000058e+00
9.980000000000000000e+02 1.864500000000000063e-11 -2.539099999999999913e+00
1.000000000000000000e+03 1.864500000000000063e-11 -2.046899999999999942e+00
1.002000000000000000e+03 1.750799999999999850e-11 -2.703100000000000058e+00
1.004000000000000000e+03 1.705299999999999852e-11 -1.671899999999999942e+00
1.006000000000000000e+03 1.659799999999999854e-11 -5.781300000000000328e-01
1.008000000000000000e+03 1.614400000000000068e-11 -2.367199999999999971e+00
1.010000000000000000e+03 1.591599999999999963e-11 -3.578100000000000058e+00
1.012000000000000000e+03 1.614400000000000068e-11 0.000000000000000000e+00
1.014000000000000000e+03 1.546199999999999854e-11 -1.234399999999999942e+00
1.016000000000000000e+03 1.546199999999999854e-11 -2.437500000000000000e+00
1.018000000000000000e+03 1.546199999999999854e-11 -1.218800000000000106e+00
1.020000000000000000e+03 1.477900000000000074e-11 0.000000000000000000e+00
1.022000000000000000e+03 1.432499999999999965e-11 -1.335900000000000087e+00
1.024000000000000000e+03 1.455199999999999858e-11 -1.953100000000000058e+00
1.026000000000000000e+03 1.386999999999999967e-11 0.000000000000000000e+00
1.028000000000000000e+03 1.409700000000000021e-11 -6.796900000000000164e-01
1.030000000000000000e+03 1.295999999999999971e-11 -7.265700000000000491e-01
1.032000000000000000e+03 1.295999999999999971e-11 -7.265700000000000491e-01
1.034000000000000000e+03 1.295999999999999971e-11 0.000000000000000000e+00
1.036000000000000000e+03 1.227800000000000080e-11 -3.054699999999999971e+00
1.038000000000000000e+03 1.250600000000000023e-11 -2.265600000000000058e+00
1.040000000000000000e+03 1.227800000000000080e-11 -7.812500000000000000e-01
1.042000000000000000e+03 1.182399999999999970e-11 -2.390600000000000058e+00
1.044000000000000000e+03 1.182399999999999970e-11 -1.593800000000000106e+00
1.046000000000000000e+03 1.182399999999999970e-11 -8.125000000000000000e-01
1.048000000000000000e+03 1.114100000000000029e-11 -8.515700000000000491e-01
1.050000000000000000e+03 1.887199999999999956e-11 -3.523400000000000087e+00
1.052000000000000000e+03 3.024099999999999928e-11 -6.625000000000000000e+00
1.054000000000000000e+03 3.728899999999999914e-11 -6.937500000000000000e+00
1.056000000000000000e+03 6.912199999999999405e-11 -6.070299999999999585e+00
1.058000000000000000e+03 9.436100000000000637e-11 -3.843799999999999883e+00
1.060000000000000000e+03 8.799399999999999361e-11 -3.796899999999999942e+00
