8.000000000000000000e+02 5.911700000000000346e-12 -3.187500000000000000e+00
8.020000000000000000e+02 3.183299999999999977e-12 -2.867199999999999971e+00
8.040000000000000000e+02 2.046399999999999843e-12 1.842999999999999972e+01
8.060000000000000000e+02 1.591600000000000004e-12 5.711000000000000298e+00
8.080000000000000000e+02 4.547499999999999556e-13 2.655499999999999972e+01
8.100000000000000000e+02 1.136899999999999932e-12 0.000000000000000000e+00
8.120000000000000000e+02 4.547499999999999556e-13 4.499199999999999733e+01
8.140000000000000000e+02 2.273699999999999945e-13 2.655499999999999972e+01
8.160000000000000000e+02 4.547499999999999556e-13 -1.403899999999999970e+01
8.180000000000000000e+02 1.136899999999999932e-12 0.000000000000000000e+00
8.200000000000000000e+02 1.364199999999999983e-12 1.252399999999999913e+01
8.220000000000000000e+02 1.136899999999999932e-12 -8.132899999999999352e+00
8.240000000000000000e+02 1.364199999999999983e-12 2.055499999999999972e+01
8.260000000000000000e+02 1.136899999999999932e-12 8.125099999999999767e+00
8.280000000000000000e+02 1.818999999999999822e-12 0.000000000000000000e+00
8.300000000000000000e+02 2.273799999999999863e-12 4.078199999999999825e+00
8.320000000000000000e+02 1.818999999999999822e-12 1.525000000000000000e+01
8.340000000000000000e+02 2.046399999999999843e-12 0.000000000000000000e+00
8.360000000000000000e+02 2.273799999999999863e-12 -3.820300000000000029e+00
8.380000000000000000e+02 2.955899999999999956e-12 6.336000000000000298e+00
8.400000000000000000e+02 2.728499999999999935e-12 1.000000000000000000e+01
8.420000000000000000e+02 2.955899999999999956e-12 -6.015699999999999825e+00
8.440000000000000000e+02 2.501099999999999915e-12 0.000000000000000000e+00
8.460000000000000000e+02 2.955899999999999956e-12 -8.976599999999999469e+00
8.480000000000000000e+02 2.955899999999999956e-12 6.336000000000000298e+00
8.500000000000000000e+02 2.728499999999999935e-12 0.000000000000000000e+00
8.520000000000000000e+02 3.183299999999999977e-12 5.711000000000000298e+00
8.540000000000000000e+02 2.728499999999999935e-12 -6.711000000000000298e+00
8.560000000000000000e+02 2.955899999999999956e-12 -3.015600000000000058e+00
8.580000000000000000e+02 3.183299999999999977e-12 2.859399999999999942e+00
8.600000000000000000e+02 2.955899999999999956e-12 6.336000000000000298e+00
8.620000000000000000e+02 2.273799999999999863e-12 3.812500000000000000e+00
8.640000000000000000e+02 2.955899999999999956e-12 -3.187500000000000000e+00
8.660000000000000000e+02 2.955899999999999956e-12 -1.253100000000000058e+01
8.680000000000000000e+02 3.183299999999999977e-12 -2.867199999999999971e+00
8.700000000000000000e+02 2.728499999999999935e-12 0.000000000000000000e+00
8.720000000000000000e+02 2.728499999999999935e-12 3.359399999999999942e+00
8.740000000000000000e+02 2.955899999999999956e-12 -6.343799999999999883e+00
8.760000000000000000e+02 2.955899999999999956e-12 -3.015600000000000058e+00
8.780000000000000000e+02 2.501099999999999915e-12 -3.578100000000000058e+00
8.800000000000000000e+02 3.410600000000000028e-12 5.437500000000000000e+00
8.820000000000000000e+02 2.728499999999999935e-12 6.703199999999999825e+00
8.840000000000000000e+02 2.955899999999999956e-12 -3.187500000000000000e+00
8.860000000000000000e+02 2.955899999999999956e-12 -9.468799999999999883e+00
8.880000000000000000e+02 3.410600000000000028e-12 -2.726599999999999913e+00
8.900000000000000000e+02 3.410600000000000028e-12 0.000000000000000000e+00
8.920000000000000000e+02 4.092700000000000120e-12 6.836000000000000298e+00
8.940000000000000000e+02 5.229600000000000254e-12 1.781300000000000106e+00
8.960000000000000000e+02 5.456999999999999871e-12 3.359399999999999942e+00
8.980000000000000000e+02 6.366500000000000388e-12 0.000000000000000000e+00
9.000000000000000000e+02 9.095000000000000323e-12 -1.046899999999999942e+00
9.020000000000000000e+02 1.182399999999999970e-11 1.609399999999999942e+00
9.040000000000000000e+02 1.500699999999999856e-11 1.257800000000000029e+00
9.060000000000000000e+02 2.023600000000000061e-11 4.609400000000000164e-01
9.080000000000000000e+02 2.796700000000000150e-11 0.000000000000000000e+00
9.100000000000000000e+02 3.728899999999999914e-11 7.578200000000000491e-01
9.120000000000000000e+02 5.025000000000000096e-11 0.000000000000000000e+00
9.140000000000000000e+02 6.707599999999999409e-11 -4.296900000000000164e-01
9.160000000000000000e+02 8.799399999999999361e-11 -3.281299999999999772e-01
9.180000000000000000e+02 1.148199999999999974e-10 -5.859400000000000164e-01
9.200000000000000000e+02 1.455200000000000052e-10 -3.906299999999999772e-01
9.220000000000000000e+02 1.834900000000000043e-10 -5.234400000000000164e-01
9.240000000000000000e+02 2.257799999999999948e-10 -6.015700000000000491e-01
9.260000000000000000e+02 2.730800000000000020e-10 -5.625000000000000000e-01
9.280000000000000000e+02 3.251500000000000094e-10 -6.484400000000000164e-01
9.300000000000000000e+02 3.758499999999999997e-10 -7.656300000000000328e-01
9.320000000000000000e+02 4.285999999999999985e-10 -7.578200000000000491e-01
9.340000000000000000e+02 4.761200000000000061e-10 -7.500000000000000000e-01
9.360000000000000000e+02 5.172799999999999963e-10 -8.281300000000000328e-01
9.380000000000000000e+02 5.534300000000000214e-10 -9.140700000000000491e-01
9.400000000000000000e+02 5.761699999999999863e-10 -8.984400000000000164e-01
9.420000000000000000e+02 5.902699999999999686e-10 -9.062500000000000000e-01
9.440000000000000000e+02 5.900399999999999601e-10 -9.375000000000000000e-01
9.460000000000000000e+02 5.761699999999999863e-10 -9.453200000000000491e-01
9.480000000000000000e+02 5.525199999999999697e-10 -9.687500000000000000e-01
9.500000000000000000e+02 5.177300000000000309e-10 -1.093800000000000106e+00
9.520000000000000000e+02 4.777199999999999799e-10 -1.125000000000000000e+00
9.540000000000000000e+02 4.324700000000000069e-10 -1.062500000000000000e+00
9.560000000000000000e+02 3.826699999999999824e-10 -9.531300000000000328e-01
9.580000000000000000e+02 3.356099999999999919e-10 -1.031300000000000106e+00
9.600000000000000000e+02 2.885400000000000190e-10 -8.593800000000000328e-01
9.620000000000000000e+02 2.457899999999999856e-10 -1.093800000000000106e+00
9.640000000000000000e+02 2.078200000000000123e-10 -9.687500000000000000e-01
9.660000000000000000e+02 1.741700000000000045e-10 -9.375000000000000000e-01
9.680000000000000000e+02 1.457499999999999878e-10 -9.843800000000000328e-01
9.700000000000000000e+02 1.218699999999999886e-10 -5.468800000000000328e-01
9.720000000000000000e+02 1.027699999999999977e-10 -6.562500000000000000e-01
9.740000000000000000e+02 8.731199999999999793e-11 -8.828200000000000491e-01
9.760000000000000000e+02 7.480600000000000255e-11 -7.734400000000000164e-01
9.780000000000000000e+02 6.480200000000000277e-11 -4.453099999999999836e-01
9.800000000000000000e+02 5.661599999999999867e-11 -3.437500000000000000e-01
9.820000000000000000e+02 5.070500000000000094e-11 -3.828099999999999836e-01
9.840000000000000000e+02 4.501999999999999679e-11 -1.062500000000000000e+00
9.860000000000000000e+02 4.115499999999999902e-11 -9.296900000000000164e-01
9.880000000000000000e+02 3.819899999999999909e-11 -7.500000000000000000e-01
9.900000000000000000e+02 3.547000000000000133e-11 -2.734400000000000164e-01
9.920000000000000000e+02 3.410599999999999705e-11 -5.625000000000000000e-01
9.940000000000000000e+02 3.251499999999999706e-11 -2.968799999999999772e-01
9.960000000000000000e+02 3.069599999999999926e-11 -6.250000000000000000e-01
9.980000000000000000e+02 2.933099999999999932e-11 -3.281299999999999772e-01
1.000000000000000000e+03 2.842200000000000148e-11 -1.015600000000000058e+00
1.002000000000000000e+03 2.796700000000000150e-11 -2.390600000000000058e+00
1.004000000000000000e+03 2.682999999999999937e-11 -1.070300000000000029e+00
1.006000000000000000e+03 2.660300000000000044e-11 -1.789099999999999913e+00
1.008000000000000000e+03 2.614800000000000046e-11 -7.343800000000000328e-01
1.010000000000000000e+03 2.569300000000000048e-11 -1.117199999999999971e+00
1.012000000000000000e+03 2.432899999999999943e-11 -1.562500000000000000e+00
1.014000000000000000e+03 2.432899999999999943e-11 0.000000000000000000e+00
1.016000000000000000e+03 2.319200000000000054e-11 -4.140599999999999836e-01
1.018000000000000000e+03 2.319200000000000054e-11 -8.203200000000000491e-01
1.020000000000000000e+03 2.228299999999999946e-11 -4.296900000000000164e-01
1.022000000000000000e+03 2.114600000000000057e-11 -8.984400000000000164e-01
1.024000000000000000e+03 2.046399999999999843e-11 -4.687500000000000000e-01
1.026000000000000000e+03 2.000899999999999845e-11 -2.367199999999999971e+00
1.028000000000000000e+03 1.978199999999999952e-11 -4.765599999999999836e-01
1.030000000000000000e+03 1.932699999999999954e-11 0.000000000000000000e+00
1.032000000000000000e+03 1.819000000000000065e-11 -5.234400000000000164e-01
1.034000000000000000e+03 1.819000000000000065e-11 0.000000000000000000e+00
1.036000000000000000e+03 1.728000000000000069e-11 -2.187500000000000000e+00
1.038000000000000000e+03 1.728000000000000069e-11 -2.203100000000000058e+00
1.040000000000000000e+03 1.659799999999999854e-11 -1.148400000000000087e+00
1.042000000000000000e+03 1.568900000000000070e-11 0.000000000000000000e+00
1.044000000000000000e+03 1.500699999999999856e-11 0.000000000000000000e+00
1.046000000000000000e+03 1.500699999999999856e-11 -1.265600000000000058e+00
1.048000000000000000e+03 1.477900000000000074e-11 6.406300000000000328e-01
1.050000000000000000e+03 3.683500000000000127e-11 0.000000000000000000e+00
1.052000000000000000e+03 4.229200000000000114e-11 -6.796900000000000164e-01
1.054000000000000000e+03 4.388300000000000113e-11 -1.734399999999999942e+00
1.056000000000000000e+03 6.821199999999999409e-11 -1.679699999999999971e+00
1.058000000000000000e+03 8.344699999999999370e-11 -1.718800000000000106e+00
1.060000000000000000e+03 7.662499999999999389e-11 -1.867199999999999971e+00
