8.000000000000000000e+02 1.136899999999999932e-12 -7.125000000000000000e+00
8.020000000000000000e+02 4.547499999999999556e-13 0.000000000000000000e+00
8.040000000000000000e+02 6.821200000000000258e-13 0.000000000000000000e+00
8.060000000000000000e+02 4.547499999999999556e-13 0.000000000000000000e+00
8.080000000000000000e+02 4.547499999999999556e-13 0.000000000000000000e+00
8.100000000000000000e+02 2.273699999999999945e-13 -6.343800000000000239e+01
8.120000000000000000e+02 0.000000000000000000e+00 8.999299999999999500e+01
8.140000000000000000e+02 2.273699999999999945e-13 6.342999999999999972e+01
8.160000000000000000e+02 4.547499999999999556e-13 4.499199999999999733e+01
8.180000000000000000e+02 4.547499999999999556e-13 4.499199999999999733e+01
8.200000000000000000e+02 2.273699999999999945e-13 0.000000000000000000e+00
8.220000000000000000e+02 4.547499999999999556e-13 1.842999999999999972e+01
8.240000000000000000e+02 2.273699999999999945e-13 0.000000000000000000e+00
8.260000000000000000e+02 4.547499999999999556e-13 1.842999999999999972e+01
8.280000000000000000e+02 2.273699999999999945e-13 0.000000000000000000e+00
8.300000000000000000e+02 2.273699999999999945e-13 -2.656299999999999883e+01
8.320000000000000000e+02 0.000000000000000000e+00 4.499199999999999733e+01
8.340000000000000000e+02 0.000000000000000000e+00 0.000000000000000000e+00
8.360000000000000000e+02 2.273699999999999945e-13 0.000000000000000000e+00
8.380000000000000000e+02 2.273699999999999945e-13 0.000000000000000000e+00
8.400000000000000000e+02 4.547499999999999556e-13 -1.843799999999999883e+01
8.420000000000000000e+02 0.000000000000000000e+00 -4.500000000000000000e+01
8.440000000000000000e+02 2.273699999999999945e-13 -2.656299999999999883e+01
8.460000000000000000e+02 0.000000000000000000e+00 0.000000000000000000e+00
8.480000000000000000e+02 0.000000000000000000e+00 4.499199999999999733e+01
8.500000000000000000e+02 0.000000000000000000e+00 8.999299999999999500e+01
8.520000000000000000e+02 0.000000000000000000e+00 0.000000000000000000e+00
8.540000000000000000e+02 0.000000000000000000e+00 0.000000000000000000e+00
8.560000000000000000e+02 0.000000000000000000e+00 0.000000000000000000e+00
8.580000000000000000e+02 0.000000000000000000e+00 0.000000000000000000e+00
8.600000000000000000e+02 2.273699999999999945e-13 2.655499999999999972e+01
8.620000000000000000e+02 2.273699999999999945e-13 0.000000000000000000e+00
8.640000000000000000e+02 0.000000000000000000e+00 -4.500000000000000000e+01
8.660000000000000000e+02 2.273699999999999945e-13 -2.656299999999999883e+01
8.680000000000000000e+02 4.547499999999999556e-13 1.842999999999999972e+01
8.700000000000000000e+02 2.273699999999999945e-13 0.000000000000000000e+00
8.720000000000000000e+02 4.547499999999999556e-13 3.368800000000000239e+01
8.740000000000000000e+02 0.000000000000000000e+00 0.000000000000000000e+00
8.760000000000000000e+02 0.000000000000000000e+00 0.000000000000000000e+00
8.780000000000000000e+02 0.000000000000000000e+00 4.499199999999999733e+01
8.800000000000000000e+02 2.273699999999999945e-13 -2.656299999999999883e+01
8.820000000000000000e+02 2.273699999999999945e-13 0.000000000000000000e+00
8.840000000000000000e+02 0.000000000000000000e+00 0.000000000000000000e+00
8.860000000000000000e+02 2.273699999999999945e-13 0.000000000000000000e+00
8.880000000000000000e+02 0.000000000000000000e+00 0.000000000000000000e+00
8.900000000000000000e+02 2.273699999999999945e-13 0.000000000000000000e+00
8.920000000000000000e+02 0.000000000000000000e+00 -4.500000000000000000e+01
8.940000000000000000e+02 2.273699999999999945e-13 0.000000000000000000e+00
8.960000000000000000e+02 4.547499999999999556e-13 1.842999999999999972e+01
8.980000000000000000e+02 9.094999999999999111e-13 9.461000000000000298e+00
9.000000000000000000e+02 6.821200000000000258e-13 1.130499999999999972e+01
9.020000000000000000e+02 1.136899999999999932e-12 0.000000000000000000e+00
9.040000000000000000e+02 1.136899999999999932e-12 8.125099999999999767e+00
9.060000000000000000e+02 1.136899999999999932e-12 1.403100000000000058e+01
9.080000000000000000e+02 1.364199999999999983e-12 1.252399999999999913e+01
9.100000000000000000e+02 1.818999999999999822e-12 1.030499999999999972e+01
9.120000000000000000e+02 2.046399999999999843e-12 0.000000000000000000e+00
9.140000000000000000e+02 2.273799999999999863e-12 0.000000000000000000e+00
9.160000000000000000e+02 2.501099999999999915e-12 3.570300000000000029e+00
9.180000000000000000e+02 2.728499999999999935e-12 0.000000000000000000e+00
9.200000000000000000e+02 2.955899999999999956e-12 0.000000000000000000e+00
9.220000000000000000e+02 3.865400000000000069e-12 -2.390600000000000058e+00
9.240000000000000000e+02 4.320099999999999737e-12 2.195300000000000029e+00
9.260000000000000000e+02 4.774899999999999778e-12 1.906300000000000106e+00
9.280000000000000000e+02 5.456999999999999871e-12 1.679699999999999971e+00
9.300000000000000000e+02 6.139099999999999963e-12 0.000000000000000000e+00
9.320000000000000000e+02 7.275999999999999289e-12 -1.304699999999999971e+00
9.340000000000000000e+02 8.185499999999999806e-12 0.000000000000000000e+00
9.360000000000000000e+02 9.322400000000000747e-12 1.007800000000000029e+00
9.380000000000000000e+02 1.045899999999999976e-11 2.679699999999999971e+00
9.400000000000000000e+02 1.182399999999999970e-11 8.046900000000000164e-01
9.420000000000000000e+02 1.364200000000000023e-11 6.953200000000000491e-01
9.440000000000000000e+02 1.477900000000000074e-11 -6.484400000000000164e-01
9.460000000000000000e+02 1.682599999999999959e-11 -1.140600000000000058e+00
9.480000000000000000e+02 1.909899999999999849e-11 -1.992199999999999971e+00
9.500000000000000000e+02 1.978199999999999952e-11 -9.609400000000000164e-01
9.520000000000000000e+02 2.091899999999999841e-11 -4.609400000000000164e-01
9.540000000000000000e+02 2.342000000000000158e-11 -4.140599999999999836e-01
9.560000000000000000e+02 2.546600000000000155e-11 -7.500000000000000000e-01
9.580000000000000000e+02 2.773999999999999933e-11 -6.875000000000000000e-01
9.600000000000000000e+02 2.978599999999999930e-11 -9.609400000000000164e-01
9.620000000000000000e+02 3.160499999999999710e-11 -3.046900000000000164e-01
9.640000000000000000e+02 3.319699999999999920e-11 -2.890599999999999836e-01
9.660000000000000000e+02 3.501599999999999701e-11 -8.203200000000000491e-01
9.680000000000000000e+02 3.615299999999999913e-11 -5.234400000000000164e-01
9.700000000000000000e+02 3.706199999999999697e-11 -5.234400000000000164e-01
9.720000000000000000e+02 3.728899999999999914e-11 -5.156300000000000328e-01
9.740000000000000000e+02 3.797199999999999693e-11 -2.578099999999999836e-01
9.760000000000000000e+02 3.819899999999999909e-11 -7.500000000000000000e-01
9.780000000000000000e+02 3.728899999999999914e-11 -1.023400000000000087e+00
9.800000000000000000e+02 3.683500000000000127e-11 -5.234400000000000164e-01
9.820000000000000000e+02 3.592500000000000131e-11 -8.046900000000000164e-01
9.840000000000000000e+02 3.478799999999999919e-11 -8.281300000000000328e-01
9.860000000000000000e+02 3.251499999999999706e-11 -8.828200000000000491e-01
9.880000000000000000e+02 3.092300000000000142e-11 -9.296900000000000164e-01
9.900000000000000000e+02 2.842200000000000148e-11 -6.796900000000000164e-01
9.920000000000000000e+02 2.637600000000000151e-11 -1.085900000000000087e+00
9.940000000000000000e+02 2.387399999999999945e-11 -1.195300000000000029e+00
9.960000000000000000e+02 2.137299999999999950e-11 -1.335900000000000087e+00
9.980000000000000000e+02 1.887199999999999956e-11 -1.507800000000000029e+00
1.000000000000000000e+03 1.682599999999999959e-11 -1.710900000000000087e+00
1.002000000000000000e+03 1.432499999999999965e-11 -1.976599999999999913e+00
1.004000000000000000e+03 1.273300000000000078e-11 -2.234399999999999942e+00
1.006000000000000000e+03 1.091399999999999974e-11 -4.336000000000000298e+00
1.008000000000000000e+03 9.095000000000000323e-12 -4.164100000000000357e+00
1.010000000000000000e+03 7.958099999999999381e-12 -2.335900000000000087e+00
1.012000000000000000e+03 7.275999999999999289e-12 0.000000000000000000e+00
1.014000000000000000e+03 6.366500000000000388e-12 -1.476599999999999913e+00
1.016000000000000000e+03 5.684400000000000295e-12 -1.640600000000000058e+00
1.018000000000000000e+03 5.002199999999999829e-12 -3.695300000000000029e+00
1.020000000000000000e+03 4.092700000000000120e-12 -2.296899999999999942e+00
1.022000000000000000e+03 3.637999999999999645e-12 2.601599999999999913e+00
1.024000000000000000e+03 3.637999999999999645e-12 -2.609399999999999942e+00
1.026000000000000000e+03 2.955899999999999956e-12 -3.015600000000000058e+00
1.028000000000000000e+03 3.183299999999999977e-12 0.000000000000000000e+00
1.030000000000000000e+03 2.955899999999999956e-12 0.000000000000000000e+00
1.032000000000000000e+03 2.955899999999999956e-12 3.179699999999999971e+00
1.034000000000000000e+03 2.501099999999999915e-12 3.570300000000000029e+00
1.036000000000000000e+03 2.728499999999999935e-12 6.703199999999999825e+00
1.038000000000000000e+03 2.501099999999999915e-12 3.570300000000000029e+00
1.040000000000000000e+03 2.501099999999999915e-12 0.000000000000000000e+00
1.042000000000000000e+03 2.273799999999999863e-12 7.593799999999999883e+00
1.044000000000000000e+03 2.046399999999999843e-12 -4.398500000000000298e+00
1.046000000000000000e+03 2.046399999999999843e-12 -4.398500000000000298e+00
1.048000000000000000e+03 2.046399999999999843e-12 -4.398500000000000298e+00
1.050000000000000000e+03 6.366500000000000388e-12 -7.312500000000000000e+00
1.052000000000000000e+03 1.295999999999999971e-11 -6.671899999999999942e+00
1.054000000000000000e+03 1.477900000000000074e-11 -6.492200000000000415e+00
1.056000000000000000e+03 2.364700000000000052e-11 -3.625000000000000000e+00
1.058000000000000000e+03 3.024099999999999928e-11 -2.203100000000000058e+00
1.060000000000000000e+03 2.978599999999999930e-11 -6.406300000000000328e-01
