8.000000000000000000e+02 8.640300000000000655e-12 -1.085900000000000087e+00
8.020000000000000000e+02 4.320099999999999737e-12 0.000000000000000000e+00
8.040000000000000000e+02 2.273799999999999863e-12 7.593799999999999883e+00
8.060000000000000000e+02 2.046399999999999843e-12 -1.843799999999999883e+01
8.080000000000000000e+02 1.364199999999999983e-12 -1.253100000000000058e+01
8.100000000000000000e+02 1.591600000000000004e-12 -5.718799999999999883e+00
8.120000000000000000e+02 2.273799999999999863e-12 -4.086000000000000298e+00
8.140000000000000000e+02 2.046399999999999843e-12 4.390699999999999825e+00
8.160000000000000000e+02 2.955899999999999956e-12 3.179699999999999971e+00
8.180000000000000000e+02 3.637999999999999645e-12 -7.437500000000000000e+00
8.200000000000000000e+02 4.320099999999999737e-12 -4.242200000000000415e+00
8.220000000000000000e+02 5.229600000000000254e-12 -1.789099999999999913e+00
8.240000000000000000e+02 5.456999999999999871e-12 -1.687500000000000000e+00
8.260000000000000000e+02 6.139099999999999963e-12 -3.015600000000000058e+00
8.280000000000000000e+02 6.139099999999999963e-12 0.000000000000000000e+00
8.300000000000000000e+02 6.821200000000000056e-12 0.000000000000000000e+00
8.320000000000000000e+02 7.275999999999999289e-12 1.296899999999999942e+00
8.340000000000000000e+02 7.503399999999999713e-12 2.484399999999999942e+00
8.360000000000000000e+02 7.275999999999999289e-12 3.898400000000000087e+00
8.380000000000000000e+02 7.275999999999999289e-12 2.539099999999999913e+00
8.400000000000000000e+02 7.958099999999999381e-12 2.382800000000000029e+00
8.420000000000000000e+02 7.958099999999999381e-12 -1.171899999999999942e+00
8.440000000000000000e+02 7.730800000000000138e-12 -2.437500000000000000e+00
8.460000000000000000e+02 7.275999999999999289e-12 -2.609399999999999942e+00
8.480000000000000000e+02 7.275999999999999289e-12 0.000000000000000000e+00
8.500000000000000000e+02 7.048599999999999672e-12 1.328100000000000058e+00
8.520000000000000000e+02 6.821200000000000056e-12 2.718799999999999883e+00
8.540000000000000000e+02 7.275999999999999289e-12 1.296899999999999942e+00
8.560000000000000000e+02 7.048599999999999672e-12 1.328100000000000058e+00
8.580000000000000000e+02 6.821200000000000056e-12 1.359399999999999942e+00
8.600000000000000000e+02 6.366500000000000388e-12 2.929699999999999971e+00
8.620000000000000000e+02 5.684400000000000295e-12 -1.640600000000000058e+00
8.640000000000000000e+02 6.366500000000000388e-12 -1.476599999999999913e+00
8.660000000000000000e+02 5.456999999999999871e-12 1.679699999999999971e+00
8.680000000000000000e+02 5.911700000000000346e-12 1.585900000000000087e+00
8.700000000000000000e+02 5.911700000000000346e-12 1.585900000000000087e+00
8.720000000000000000e+02 5.456999999999999871e-12 1.726599999999999913e+00
8.740000000000000000e+02 5.456999999999999871e-12 3.460900000000000087e+00
8.760000000000000000e+02 5.456999999999999871e-12 5.039100000000000357e+00
8.780000000000000000e+02 5.456999999999999871e-12 0.000000000000000000e+00
8.800000000000000000e+02 4.547500000000000161e-12 -8.132899999999999352e+00
8.820000000000000000e+02 4.547500000000000161e-12 -2.046899999999999942e+00
8.840000000000000000e+02 4.774899999999999778e-12 0.000000000000000000e+00
8.860000000000000000e+02 5.002199999999999829e-12 -3.695300000000000029e+00
8.880000000000000000e+02 5.002199999999999829e-12 -5.531299999999999883e+00
8.900000000000000000e+02 5.002199999999999829e-12 -3.695300000000000029e+00
8.920000000000000000e+02 5.456999999999999871e-12 1.679699999999999971e+00
8.940000000000000000e+02 6.366500000000000388e-12 0.000000000000000000e+00
8.960000000000000000e+02 7.048599999999999672e-12 -1.335900000000000087e+00
8.980000000000000000e+02 8.640300000000000655e-12 -1.085900000000000087e+00
9.000000000000000000e+02 1.114100000000000029e-11 0.000000000000000000e+00
9.020000000000000000e+02 1.432499999999999965e-11 6.640700000000000491e-01
9.040000000000000000e+02 2.091899999999999841e-11 0.000000000000000000e+00
9.060000000000000000e+02 2.933099999999999932e-11 0.000000000000000000e+00
9.080000000000000000e+02 4.206399999999999686e-11 0.000000000000000000e+00
9.100000000000000000e+02 6.002699999999999858e-11 3.125000000000000000e-01
9.120000000000000000e+02 8.435599999999999801e-11 2.265600000000000114e-01
9.140000000000000000e+02 1.173299999999999970e-10 3.203099999999999836e-01
9.160000000000000000e+02 1.607499999999999877e-10 1.796899999999999886e-01
9.180000000000000000e+02 2.157800000000000035e-10 1.718800000000000050e-01
9.200000000000000000e+02 2.826299999999999846e-10 -7.031300000000000050e-02
9.220000000000000000e+02 3.628899999999999742e-10 -2.109399999999999886e-01
9.240000000000000000e+02 4.563399999999999979e-10 -2.734400000000000164e-01
9.260000000000000000e+02 5.573000000000000297e-10 -3.437500000000000000e-01
9.280000000000000000e+02 6.664400000000000271e-10 -5.468800000000000328e-01
9.300000000000000000e+02 7.744399999999999644e-10 -5.546900000000000164e-01
9.320000000000000000e+02 8.756200000000000224e-10 -6.328200000000000491e-01
9.340000000000000000e+02 9.668000000000000115e-10 -6.562500000000000000e-01
9.360000000000000000e+02 1.036599999999999915e-09 -7.109400000000000164e-01
9.380000000000000000e+02 1.083899999999999948e-09 -8.046900000000000164e-01
9.400000000000000000e+02 1.108899999999999965e-09 -7.812500000000000000e-01
9.420000000000000000e+02 1.106400000000000026e-09 -7.890700000000000491e-01
9.440000000000000000e+02 1.085899999999999941e-09 -8.515700000000000491e-01
9.460000000000000000e+02 1.033399999999999968e-09 -8.906300000000000328e-01
9.480000000000000000e+02 9.679400000000000717e-10 -8.750000000000000000e-01
9.500000000000000000e+02 8.899400000000000308e-10 -8.359400000000000164e-01
9.520000000000000000e+02 8.035399999999999983e-10 -8.281300000000000328e-01
9.540000000000000000e+02 7.148700000000000346e-10 -8.046900000000000164e-01
9.560000000000000000e+02 6.241399999999999768e-10 -7.734400000000000164e-01
9.580000000000000000e+02 5.422899999999999957e-10 -7.109400000000000164e-01
9.600000000000000000e+02 4.642999999999999890e-10 -6.250000000000000000e-01
9.620000000000000000e+02 3.944899999999999995e-10 -5.625000000000000000e-01
9.640000000000000000e+02 3.344699999999999834e-10 -4.921900000000000164e-01
9.660000000000000000e+02 2.808099999999999847e-10 -3.437500000000000000e-01
9.680000000000000000e+02 2.369199999999999946e-10 -3.671900000000000164e-01
9.700000000000000000e+02 1.996399999999999951e-10 -2.421899999999999886e-01
9.720000000000000000e+02 1.684799999999999962e-10 -1.718800000000000050e-01
9.740000000000000000e+02 1.434699999999999967e-10 -2.031300000000000050e-01
9.760000000000000000e+02 1.227799999999999886e-10 0.000000000000000000e+00
9.780000000000000000e+02 1.059600000000000017e-10 0.000000000000000000e+00
9.800000000000000000e+02 9.231399999999999782e-11 -2.109399999999999886e-01
9.820000000000000000e+02 8.185499999999999806e-11 -3.515599999999999836e-01
9.840000000000000000e+02 7.253299999999999396e-11 -1.328100000000000114e-01
9.860000000000000000e+02 6.525700000000000275e-11 0.000000000000000000e+00
9.880000000000000000e+02 5.934500000000000290e-11 1.562500000000000000e-01
9.900000000000000000e+02 5.456999999999999871e-11 0.000000000000000000e+00
9.920000000000000000e+02 5.047700000000000312e-11 -3.828099999999999836e-01
9.940000000000000000e+02 4.683900000000000105e-11 4.062500000000000000e-01
9.960000000000000000e+02 4.365599999999999897e-11 -4.453099999999999836e-01
9.980000000000000000e+02 4.115499999999999902e-11 -2.343800000000000050e-01
1.000000000000000000e+03 3.910899999999999905e-11 -7.343800000000000328e-01
1.002000000000000000e+03 3.751699999999999695e-11 -1.523400000000000087e+00
1.004000000000000000e+03 3.547000000000000133e-11 -1.351599999999999913e+00
1.006000000000000000e+03 3.410599999999999705e-11 -8.437500000000000000e-01
1.008000000000000000e+03 3.342400000000000137e-11 -5.703200000000000491e-01
1.010000000000000000e+03 3.205999999999999708e-11 -1.484399999999999942e+00
1.012000000000000000e+03 3.092300000000000142e-11 -1.851599999999999913e+00
1.014000000000000000e+03 2.978599999999999930e-11 -1.273400000000000087e+00
1.016000000000000000e+03 2.864900000000000041e-11 -1.656300000000000106e+00
1.018000000000000000e+03 2.728499999999999935e-11 -1.390600000000000058e+00
1.020000000000000000e+03 2.614800000000000046e-11 -2.195300000000000029e+00
1.022000000000000000e+03 2.523899999999999939e-11 -2.265600000000000058e+00
1.024000000000000000e+03 2.432899999999999943e-11 -1.953100000000000058e+00
1.026000000000000000e+03 2.364700000000000052e-11 -2.007800000000000029e+00
1.028000000000000000e+03 2.296500000000000161e-11 -2.078100000000000058e+00
1.030000000000000000e+03 2.205499999999999841e-11 -2.585900000000000087e+00
1.032000000000000000e+03 2.182799999999999948e-11 -2.625000000000000000e+00
1.034000000000000000e+03 2.091899999999999841e-11 -2.726599999999999913e+00
1.036000000000000000e+03 2.046399999999999843e-11 -9.375000000000000000e-01
1.038000000000000000e+03 1.909899999999999849e-11 -1.000000000000000000e+00
1.040000000000000000e+03 1.909899999999999849e-11 -1.000000000000000000e+00
1.042000000000000000e+03 1.864500000000000063e-11 -5.078200000000000491e-01
1.044000000000000000e+03 1.796299999999999848e-11 -1.054699999999999971e+00
1.046000000000000000e+03 1.728000000000000069e-11 -1.093800000000000106e+00
1.048000000000000000e+03 1.705299999999999852e-11 -1.117199999999999971e+00
1.050000000000000000e+03 3.365199999999999918e-11 -1.695300000000000029e+00
1.052000000000000000e+03 4.001799999999999690e-11 -1.429699999999999971e+00
1.054000000000000000e+03 4.501999999999999679e-11 -8.515700000000000491e-01
1.056000000000000000e+03 7.366899999999999396e-11 -1.554699999999999971e+00
1.058000000000000000e+03 9.095000000000000646e-11 -1.257800000000000029e+00
1.060000000000000000e+03 8.481099999999999798e-11 -9.062500000000000000e-01
