8.000000000000000000e+02 1.136899999999999932e-12 0.000000000000000000e+00
8.020000000000000000e+02 6.821200000000000258e-13 1.130499999999999972e+01
8.040000000000000000e+02 6.821200000000000258e-13 0.000000000000000000e+00
8.060000000000000000e+02 2.273699999999999945e-13 2.655499999999999972e+01
8.080000000000000000e+02 2.273699999999999945e-13 0.000000000000000000e+00
8.100000000000000000e+02 0.000000000000000000e+00 -4.500000000000000000e+01
8.120000000000000000e+02 2.273699999999999945e-13 0.000000000000000000e+00
8.140000000000000000e+02 6.821200000000000258e-13 1.130499999999999972e+01
8.160000000000000000e+02 4.547499999999999556e-13 0.000000000000000000e+00
8.180000000000000000e+02 4.547499999999999556e-13 1.403100000000000058e+01
8.200000000000000000e+02 4.547499999999999556e-13 3.368800000000000239e+01
8.220000000000000000e+02 1.136899999999999932e-12 2.655499999999999972e+01
8.240000000000000000e+02 1.136899999999999932e-12 8.125099999999999767e+00
8.260000000000000000e+02 1.818999999999999822e-12 1.525000000000000000e+01
8.280000000000000000e+02 2.046399999999999843e-12 4.390699999999999825e+00
8.300000000000000000e+02 2.273799999999999863e-12 8.125099999999999767e+00
8.320000000000000000e+02 2.955899999999999956e-12 6.336000000000000298e+00
8.340000000000000000e+02 3.410600000000000028e-12 1.078100000000000058e+01
8.360000000000000000e+02 4.320099999999999737e-12 8.429800000000000182e+00
8.380000000000000000e+02 5.456999999999999871e-12 8.609400000000000830e+00
8.400000000000000000e+02 6.593900000000000004e-12 1.017200000000000060e+01
8.420000000000000000e+02 7.730800000000000138e-12 1.225799999999999912e+01
8.440000000000000000e+02 8.640300000000000655e-12 8.914099999999999469e+00
8.460000000000000000e+02 9.322400000000000747e-12 1.130499999999999972e+01
8.480000000000000000e+02 9.777100000000000415e-12 9.773500000000000298e+00
8.500000000000000000e+02 9.322400000000000747e-12 8.273500000000000298e+00
8.520000000000000000e+02 7.958099999999999381e-12 8.125099999999999767e+00
8.540000000000000000e+02 7.275999999999999289e-12 1.053899999999999970e+01
8.560000000000000000e+02 5.911700000000000346e-12 9.461000000000000298e+00
8.580000000000000000e+02 4.774899999999999778e-12 7.851600000000000357e+00
8.600000000000000000e+02 3.637999999999999645e-12 7.757799999999999585e+00
8.620000000000000000e+02 2.501099999999999915e-12 1.061700000000000088e+01
8.640000000000000000e+02 1.818999999999999822e-12 1.525000000000000000e+01
8.660000000000000000e+02 1.364199999999999983e-12 6.336000000000000298e+00
8.680000000000000000e+02 1.136899999999999932e-12 2.655499999999999972e+01
8.700000000000000000e+02 9.094999999999999111e-13 1.842999999999999972e+01
8.720000000000000000e+02 9.094999999999999111e-13 9.461000000000000298e+00
8.740000000000000000e+02 9.094999999999999111e-13 1.842999999999999972e+01
8.760000000000000000e+02 4.547499999999999556e-13 0.000000000000000000e+00
8.780000000000000000e+02 4.547499999999999556e-13 1.403100000000000058e+01
8.800000000000000000e+02 4.547499999999999556e-13 0.000000000000000000e+00
8.820000000000000000e+02 2.273699999999999945e-13 0.000000000000000000e+00
8.840000000000000000e+02 4.547499999999999556e-13 1.403100000000000058e+01
8.860000000000000000e+02 6.821200000000000258e-13 1.130499999999999972e+01
8.880000000000000000e+02 9.094999999999999111e-13 3.096099999999999852e+01
8.900000000000000000e+02 9.094999999999999111e-13 1.842999999999999972e+01
8.920000000000000000e+02 9.094999999999999111e-13 9.461000000000000298e+00
8.940000000000000000e+02 1.136899999999999932e-12 1.403100000000000058e+01
8.960000000000000000e+02 1.364199999999999983e-12 6.336000000000000298e+00
8.980000000000000000e+02 1.364199999999999983e-12 1.252399999999999913e+01
9.000000000000000000e+02 1.818999999999999822e-12 1.997700000000000031e+01
9.020000000000000000e+02 2.273799999999999863e-12 1.709400000000000119e+01
9.040000000000000000e+02 2.501099999999999915e-12 1.403100000000000058e+01
9.060000000000000000e+02 3.410600000000000028e-12 1.078100000000000058e+01
9.080000000000000000e+02 4.092700000000000120e-12 1.130499999999999972e+01
9.100000000000000000e+02 4.547500000000000161e-12 1.252399999999999913e+01
9.120000000000000000e+02 5.684400000000000295e-12 1.000000000000000000e+01
9.140000000000000000e+02 6.366500000000000388e-12 8.742300000000000182e+00
9.160000000000000000e+02 7.503399999999999713e-12 7.429700000000000415e+00
9.180000000000000000e+02 9.095000000000000323e-12 8.429800000000000182e+00
9.200000000000000000e+02 1.045899999999999976e-11 9.898500000000000298e+00
9.220000000000000000e+02 1.295999999999999971e-11 8.851599999999999469e+00
9.240000000000000000e+02 1.477900000000000074e-11 8.937599999999999767e+00
9.260000000000000000e+02 1.728000000000000069e-11 8.820399999999999352e+00
9.280000000000000000e+02 2.023600000000000061e-11 8.453200000000000713e+00
9.300000000000000000e+02 2.296500000000000161e-11 8.242300000000000182e+00
9.320000000000000000e+02 2.705800000000000042e-11 8.476599999999999469e+00
9.340000000000000000e+02 3.137800000000000140e-11 7.906299999999999883e+00
9.360000000000000000e+02 3.592500000000000131e-11 8.500099999999999767e+00
9.380000000000000000e+02 4.115499999999999902e-11 7.898500000000000298e+00
9.400000000000000000e+02 4.615699999999999891e-11 8.296900000000000830e+00
9.420000000000000000e+02 5.115899999999999880e-11 8.046900000000000830e+00
9.440000000000000000e+02 5.638900000000000297e-11 8.125099999999999767e+00
9.460000000000000000e+02 6.048199999999999856e-11 7.882799999999999585e+00
9.480000000000000000e+02 6.457499999999999414e-11 7.703199999999999825e+00
9.500000000000000000e+02 6.662099999999999411e-11 7.757799999999999585e+00
9.520000000000000000e+02 6.707599999999999409e-11 7.843799999999999883e+00
9.540000000000000000e+02 6.593899999999999843e-11 7.242200000000000415e+00
9.560000000000000000e+02 6.298299999999999850e-11 7.445299999999999585e+00
9.580000000000000000e+02 5.798099999999999861e-11 7.078199999999999825e+00
9.600000000000000000e+02 5.252399999999999874e-11 7.461000000000000298e+00
9.620000000000000000e+02 4.547500000000000323e-11 6.500000000000000000e+00
9.640000000000000000e+02 3.888100000000000124e-11 6.359399999999999942e+00
9.660000000000000000e+02 3.228699999999999924e-11 6.796899999999999942e+00
9.680000000000000000e+02 2.660300000000000044e-11 7.164100000000000357e+00
9.700000000000000000e+02 2.114600000000000057e-11 7.179700000000000415e+00
9.720000000000000000e+02 1.705299999999999852e-11 6.703199999999999825e+00
9.740000000000000000e+02 1.386999999999999967e-11 6.867200000000000415e+00
9.760000000000000000e+02 1.091399999999999974e-11 6.046899999999999942e+00
9.780000000000000000e+02 9.095000000000000323e-12 6.226600000000000357e+00
9.800000000000000000e+02 7.275999999999999289e-12 5.195299999999999585e+00
9.820000000000000000e+02 5.911700000000000346e-12 6.336000000000000298e+00
9.840000000000000000e+02 4.774899999999999778e-12 3.937500000000000000e+00
9.860000000000000000e+02 3.865400000000000069e-12 7.117200000000000415e+00
9.880000000000000000e+02 3.183299999999999977e-12 5.711000000000000298e+00
9.900000000000000000e+02 2.728499999999999935e-12 1.323399999999999999e+01
9.920000000000000000e+02 2.273799999999999863e-12 3.812500000000000000e+00
9.940000000000000000e+02 2.046399999999999843e-12 4.390699999999999825e+00
9.960000000000000000e+02 1.591600000000000004e-12 5.711000000000000298e+00
9.980000000000000000e+02 1.591600000000000004e-12 5.711000000000000298e+00
1.000000000000000000e+03 1.364199999999999983e-12 1.252399999999999913e+01
1.002000000000000000e+03 1.136899999999999932e-12 1.403100000000000058e+01
1.004000000000000000e+03 1.136899999999999932e-12 2.319500000000000028e+01
1.006000000000000000e+03 4.547499999999999556e-13 1.403100000000000058e+01
1.008000000000000000e+03 4.547499999999999556e-13 3.368800000000000239e+01
1.010000000000000000e+03 2.273699999999999945e-13 0.000000000000000000e+00
1.012000000000000000e+03 4.547499999999999556e-13 -1.843799999999999883e+01
1.014000000000000000e+03 4.547499999999999556e-13 0.000000000000000000e+00
1.016000000000000000e+03 9.094999999999999111e-13 1.842999999999999972e+01
1.018000000000000000e+03 4.547499999999999556e-13 1.403100000000000058e+01
1.020000000000000000e+03 4.547499999999999556e-13 1.842999999999999972e+01
1.022000000000000000e+03 2.273699999999999945e-13 0.000000000000000000e+00
1.024000000000000000e+03 4.547499999999999556e-13 0.000000000000000000e+00
1.026000000000000000e+03 4.547499999999999556e-13 -1.843799999999999883e+01
1.028000000000000000e+03 2.273699999999999945e-13 -2.656299999999999883e+01
1.030000000000000000e+03 4.547499999999999556e-13 -1.403899999999999970e+01
1.032000000000000000e+03 2.273699999999999945e-13 -2.656299999999999883e+01
1.034000000000000000e+03 4.547499999999999556e-13 0.000000000000000000e+00
1.036000000000000000e+03 4.547499999999999556e-13 1.842999999999999972e+01
1.038000000000000000e+03 4.547499999999999556e-13 -1.843799999999999883e+01
1.040000000000000000e+03 2.273699999999999945e-13 0.000000000000000000e+00
1.042000000000000000e+03 2.273699999999999945e-13 2.655499999999999972e+01
1.044000000000000000e+03 2.273699999999999945e-13 2.655499999999999972e+01
1.046000000000000000e+03 2.273699999999999945e-13 0.000000000000000000e+00
1.048000000000000000e+03 6.821200000000000258e-13 3.686699999999999733e+01
1.050000000000000000e+03 4.320099999999999737e-12 6.578199999999999825e+00
1.052000000000000000e+03 9.322400000000000747e-12 6.109399999999999942e+00
1.054000000000000000e+03 1.000399999999999978e-11 6.539100000000000357e+00
1.056000000000000000e+03 1.728000000000000069e-11 6.640699999999999825e+00
1.058000000000000000e+03 2.000899999999999845e-11 6.648500000000000298e+00
1.060000000000000000e+03 1.932699999999999954e-11 5.461000000000000298e+00
