8.000000000000000000e+02 2.728499999999999935e-12 1.734400000000000119e+01
8.020000000000000000e+02 1.818999999999999822e-12 3.368800000000000239e+01
8.040000000000000000e+02 1.591600000000000004e-12 2.904700000000000060e+01
8.060000000000000000e+02 1.591600000000000004e-12 2.396099999999999852e+01
8.080000000000000000e+02 1.364199999999999983e-12 1.842999999999999972e+01
8.100000000000000000e+02 2.273799999999999863e-12 4.078199999999999825e+00
8.120000000000000000e+02 3.183299999999999977e-12 8.531299999999999883e+00
8.140000000000000000e+02 4.774899999999999778e-12 1.168800000000000061e+01
8.160000000000000000e+02 6.821200000000000056e-12 1.103899999999999970e+01
8.180000000000000000e+02 1.000399999999999978e-11 7.593799999999999883e+00
8.200000000000000000e+02 1.409700000000000021e-11 8.789099999999999469e+00
8.220000000000000000e+02 1.909899999999999849e-11 9.539099999999999469e+00
8.240000000000000000e+02 2.432899999999999943e-11 9.461000000000000298e+00
8.260000000000000000e+02 2.910399999999999716e-11 8.546900000000000830e+00
8.280000000000000000e+02 3.228699999999999924e-11 9.125099999999999767e+00
8.300000000000000000e+02 3.319699999999999920e-11 8.609400000000000830e+00
8.320000000000000000e+02 3.160499999999999710e-11 8.164099999999999469e+00
8.340000000000000000e+02 2.728499999999999935e-11 9.062599999999999767e+00
8.360000000000000000e+02 2.250999999999999839e-11 8.898500000000000298e+00
8.380000000000000000e+02 1.750799999999999850e-11 7.593799999999999883e+00
8.400000000000000000e+02 1.295999999999999971e-11 8.125099999999999767e+00
8.420000000000000000e+02 9.095000000000000323e-12 8.429800000000000182e+00
8.440000000000000000e+02 6.593900000000000004e-12 5.711000000000000298e+00
8.460000000000000000e+02 4.774899999999999778e-12 7.851600000000000357e+00
8.480000000000000000e+02 2.955899999999999956e-12 1.188299999999999912e+01
8.500000000000000000e+02 2.046399999999999843e-12 8.742300000000000182e+00
8.520000000000000000e+02 1.591600000000000004e-12 1.130499999999999972e+01
8.540000000000000000e+02 9.094999999999999111e-13 -9.468799999999999883e+00
8.560000000000000000e+02 9.094999999999999111e-13 9.461000000000000298e+00
8.580000000000000000e+02 6.821200000000000258e-13 -1.131300000000000061e+01
8.600000000000000000e+02 4.547499999999999556e-13 0.000000000000000000e+00
8.620000000000000000e+02 4.547499999999999556e-13 0.000000000000000000e+00
8.640000000000000000e+02 2.273699999999999945e-13 6.342999999999999972e+01
8.660000000000000000e+02 2.273699999999999945e-13 0.000000000000000000e+00
8.680000000000000000e+02 4.547499999999999556e-13 -1.403899999999999970e+01
8.700000000000000000e+02 4.547499999999999556e-13 0.000000000000000000e+00
8.720000000000000000e+02 4.547499999999999556e-13 2.655499999999999972e+01
8.740000000000000000e+02 6.821200000000000258e-13 0.000000000000000000e+00
8.760000000000000000e+02 6.821200000000000258e-13 1.130499999999999972e+01
8.780000000000000000e+02 6.821200000000000258e-13 0.000000000000000000e+00
8.800000000000000000e+02 4.547499999999999556e-13 -1.843799999999999883e+01
8.820000000000000000e+02 6.821200000000000258e-13 1.130499999999999972e+01
8.840000000000000000e+02 1.136899999999999932e-12 2.655499999999999972e+01
8.860000000000000000e+02 1.364199999999999983e-12 2.655499999999999972e+01
8.880000000000000000e+02 1.136899999999999932e-12 2.319500000000000028e+01
8.900000000000000000e+02 1.818999999999999822e-12 1.525000000000000000e+01
8.920000000000000000e+02 2.273799999999999863e-12 1.130499999999999972e+01
8.940000000000000000e+02 3.637999999999999645e-12 7.757799999999999585e+00
8.960000000000000000e+02 5.002199999999999829e-12 9.156299999999999883e+00
8.980000000000000000e+02 6.821200000000000056e-12 1.370299999999999940e+01
9.000000000000000000e+02 9.322400000000000747e-12 1.030499999999999972e+01
9.020000000000000000e+02 1.250600000000000023e-11 9.086000000000000298e+00
9.040000000000000000e+02 1.750799999999999850e-11 9.820399999999999352e+00
9.060000000000000000e+02 2.410200000000000050e-11 9.914099999999999469e+00
9.080000000000000000e+02 3.228699999999999924e-11 1.038299999999999912e+01
9.100000000000000000e+02 4.342899999999999680e-11 9.711000000000000298e+00
9.120000000000000000e+02 5.752599999999999863e-11 9.976599999999999469e+00
9.140000000000000000e+02 7.548899999999999388e-11 1.026600000000000001e+01
9.160000000000000000e+02 9.777099999999999769e-11 1.007799999999999940e+01
9.180000000000000000e+02 1.243700000000000058e-10 9.859400000000000830e+00
9.200000000000000000e+02 1.552999999999999962e-10 9.820399999999999352e+00
9.220000000000000000e+02 1.882700000000000126e-10 9.820399999999999352e+00
9.240000000000000000e+02 2.232800000000000034e-10 9.539099999999999469e+00
9.260000000000000000e+02 2.555699999999999767e-10 9.484400000000000830e+00
9.280000000000000000e+02 2.821700000000000193e-10 9.304800000000000182e+00
9.300000000000000000e+02 2.987699999999999929e-10 9.140700000000000713e+00
9.320000000000000000e+02 3.026400000000000013e-10 8.961000000000000298e+00
9.340000000000000000e+02 2.942199999999999931e-10 8.765700000000000713e+00
9.360000000000000000e+02 2.733100000000000106e-10 8.617300000000000182e+00
9.380000000000000000e+02 2.441999999999999942e-10 8.546900000000000830e+00
9.400000000000000000e+02 2.091900000000000035e-10 8.320399999999999352e+00
9.420000000000000000e+02 1.743999999999999871e-10 8.062599999999999767e+00
9.440000000000000000e+02 1.421099999999999880e-10 7.945299999999999585e+00
9.460000000000000000e+02 1.139200000000000057e-10 7.984399999999999942e+00
9.480000000000000000e+02 9.049499999999999356e-11 7.828199999999999825e+00
9.500000000000000000e+02 7.230500000000000260e-11 7.656299999999999883e+00
9.520000000000000000e+02 5.911799999999999427e-11 7.757799999999999585e+00
9.540000000000000000e+02 4.797600000000000318e-11 7.593799999999999883e+00
9.560000000000000000e+02 4.024499999999999906e-11 7.828199999999999825e+00
9.580000000000000000e+02 3.365199999999999918e-11 8.242300000000000182e+00
9.600000000000000000e+02 2.933099999999999932e-11 7.851600000000000357e+00
9.620000000000000000e+02 2.478399999999999941e-11 7.695299999999999585e+00
9.640000000000000000e+02 2.182799999999999948e-11 7.882799999999999585e+00
9.660000000000000000e+02 1.955399999999999847e-11 8.742300000000000182e+00
9.680000000000000000e+02 1.728000000000000069e-11 8.281299999999999883e+00
9.700000000000000000e+02 1.568900000000000070e-11 8.468799999999999883e+00
9.720000000000000000e+02 1.432499999999999965e-11 8.687599999999999767e+00
9.740000000000000000e+02 1.227800000000000080e-11 9.203200000000000713e+00
9.760000000000000000e+02 1.136899999999999972e-11 6.609399999999999942e+00
9.780000000000000000e+02 1.045899999999999976e-11 8.125099999999999767e+00
9.800000000000000000e+02 8.867599999999999898e-12 7.382799999999999585e+00
9.820000000000000000e+02 8.640300000000000655e-12 1.000000000000000000e+01
9.840000000000000000e+02 7.503399999999999713e-12 7.429700000000000415e+00
9.860000000000000000e+02 6.366500000000000388e-12 8.742300000000000182e+00
9.880000000000000000e+02 5.911700000000000346e-12 1.287500000000000000e+01
9.900000000000000000e+02 5.456999999999999871e-12 8.359400000000000830e+00
9.920000000000000000e+02 5.002199999999999829e-12 9.156299999999999883e+00
9.940000000000000000e+02 4.092700000000000120e-12 1.175799999999999912e+01
9.960000000000000000e+02 3.865400000000000069e-12 4.757799999999999585e+00
9.980000000000000000e+02 3.865400000000000069e-12 1.225799999999999912e+01
1.000000000000000000e+03 3.183299999999999977e-12 5.711000000000000298e+00
1.002000000000000000e+03 2.955899999999999956e-12 8.968799999999999883e+00
1.004000000000000000e+03 2.728499999999999935e-12 6.703199999999999825e+00
1.006000000000000000e+03 2.728499999999999935e-12 0.000000000000000000e+00
1.008000000000000000e+03 2.501099999999999915e-12 7.117200000000000415e+00
1.010000000000000000e+03 2.273799999999999863e-12 1.594500000000000028e+01
1.012000000000000000e+03 1.591600000000000004e-12 1.130499999999999972e+01
1.014000000000000000e+03 1.591600000000000004e-12 -5.718799999999999883e+00
1.016000000000000000e+03 1.818999999999999822e-12 5.195299999999999585e+00
1.018000000000000000e+03 1.818999999999999822e-12 1.030499999999999972e+01
1.020000000000000000e+03 1.136899999999999932e-12 0.000000000000000000e+00
1.022000000000000000e+03 1.591600000000000004e-12 0.000000000000000000e+00
1.024000000000000000e+03 1.364199999999999983e-12 1.252399999999999913e+01
1.026000000000000000e+03 1.364199999999999983e-12 0.000000000000000000e+00
1.028000000000000000e+03 1.364199999999999983e-12 0.000000000000000000e+00
1.030000000000000000e+03 1.818999999999999822e-12 5.195299999999999585e+00
1.032000000000000000e+03 1.364199999999999983e-12 0.000000000000000000e+00
1.034000000000000000e+03 1.364199999999999983e-12 0.000000000000000000e+00
1.036000000000000000e+03 1.136899999999999932e-12 7.117200000000000415e+00
1.038000000000000000e+03 1.136899999999999932e-12 0.000000000000000000e+00
1.040000000000000000e+03 1.136899999999999932e-12 -7.125000000000000000e+00
1.042000000000000000e+03 1.136899999999999932e-12 0.000000000000000000e+00
1.044000000000000000e+03 1.136899999999999932e-12 2.655499999999999972e+01
1.046000000000000000e+03 9.094999999999999111e-13 1.842999999999999972e+01
1.048000000000000000e+03 1.136899999999999932e-12 -7.125000000000000000e+00
1.050000000000000000e+03 4.774899999999999778e-12 1.168800000000000061e+01
1.052000000000000000e+03 1.205100000000000025e-11 7.906299999999999883e+00
1.054000000000000000e+03 1.432499999999999965e-11 6.703199999999999825e+00
1.056000000000000000e+03 2.546600000000000155e-11 7.078199999999999825e+00
1.058000000000000000e+03 2.910399999999999716e-11 6.554700000000000415e+00
1.060000000000000000e+03 2.728499999999999935e-11 6.953199999999999825e+00
