8.000000000000000000e+02 9.094999999999999111e-13 9.461000000000000298e+00
8.020000000000000000e+02 6.821200000000000258e-13 2.179700000000000060e+01
8.040000000000000000e+02 4.547499999999999556e-13 4.499199999999999733e+01
8.060000000000000000e+02 0.000000000000000000e+00 -4.500000000000000000e+01
8.080000000000000000e+02 4.547499999999999556e-13 1.842999999999999972e+01
8.100000000000000000e+02 4.547499999999999556e-13 1.842999999999999972e+01
8.120000000000000000e+02 2.273699999999999945e-13 0.000000000000000000e+00
8.140000000000000000e+02 4.547499999999999556e-13 3.368800000000000239e+01
8.160000000000000000e+02 4.547499999999999556e-13 1.403100000000000058e+01
8.180000000000000000e+02 4.547499999999999556e-13 3.368800000000000239e+01
8.200000000000000000e+02 4.547499999999999556e-13 -1.843799999999999883e+01
8.220000000000000000e+02 4.547499999999999556e-13 0.000000000000000000e+00
8.240000000000000000e+02 6.821200000000000258e-13 2.179700000000000060e+01
8.260000000000000000e+02 1.136899999999999932e-12 2.655499999999999972e+01
8.280000000000000000e+02 1.364199999999999983e-12 2.055499999999999972e+01
8.300000000000000000e+02 1.136899999999999932e-12 8.125099999999999767e+00
8.320000000000000000e+02 1.364199999999999983e-12 6.336000000000000298e+00
8.340000000000000000e+02 1.818999999999999822e-12 9.461000000000000298e+00
8.360000000000000000e+02 2.501099999999999915e-12 3.570300000000000029e+00
8.380000000000000000e+02 2.955899999999999956e-12 9.461000000000000298e+00
8.400000000000000000e+02 3.637999999999999645e-12 9.859400000000000830e+00
8.420000000000000000e+02 4.547500000000000161e-12 8.125099999999999767e+00
8.440000000000000000e+02 5.002199999999999829e-12 1.130499999999999972e+01
8.460000000000000000e+02 5.684400000000000295e-12 8.125099999999999767e+00
8.480000000000000000e+02 6.593900000000000004e-12 8.531299999999999883e+00
8.500000000000000000e+02 7.048599999999999672e-12 1.209399999999999942e+01
8.520000000000000000e+02 7.730800000000000138e-12 9.859400000000000830e+00
8.540000000000000000e+02 7.275999999999999289e-12 1.155499999999999972e+01
8.560000000000000000e+02 7.048599999999999672e-12 7.937500000000000000e+00
8.580000000000000000e+02 5.911700000000000346e-12 9.461000000000000298e+00
8.600000000000000000e+02 5.229600000000000254e-12 1.271899999999999942e+01
8.620000000000000000e+02 4.320099999999999737e-12 8.429800000000000182e+00
8.640000000000000000e+02 3.183299999999999977e-12 8.531299999999999883e+00
8.660000000000000000e+02 2.501099999999999915e-12 1.061700000000000088e+01
8.680000000000000000e+02 2.273799999999999863e-12 7.593799999999999883e+00
8.700000000000000000e+02 1.364199999999999983e-12 1.252399999999999913e+01
8.720000000000000000e+02 9.094999999999999111e-13 1.842999999999999972e+01
8.740000000000000000e+02 6.821200000000000258e-13 -1.131300000000000061e+01
8.760000000000000000e+02 9.094999999999999111e-13 9.461000000000000298e+00
8.780000000000000000e+02 4.547499999999999556e-13 2.655499999999999972e+01
8.800000000000000000e+02 4.547499999999999556e-13 -1.843799999999999883e+01
8.820000000000000000e+02 6.821200000000000258e-13 -1.131300000000000061e+01
8.840000000000000000e+02 4.547499999999999556e-13 2.655499999999999972e+01
8.860000000000000000e+02 4.547499999999999556e-13 0.000000000000000000e+00
8.880000000000000000e+02 6.821200000000000258e-13 2.179700000000000060e+01
8.900000000000000000e+02 4.547499999999999556e-13 0.000000000000000000e+00
8.920000000000000000e+02 6.821200000000000258e-13 -1.131300000000000061e+01
8.940000000000000000e+02 9.094999999999999111e-13 -9.468799999999999883e+00
8.960000000000000000e+02 1.136899999999999932e-12 8.125099999999999767e+00
8.980000000000000000e+02 1.364199999999999983e-12 2.055499999999999972e+01
9.000000000000000000e+02 9.094999999999999111e-13 1.842999999999999972e+01
9.020000000000000000e+02 1.136899999999999932e-12 7.117200000000000415e+00
9.040000000000000000e+02 1.591600000000000004e-12 0.000000000000000000e+00
9.060000000000000000e+02 1.818999999999999822e-12 9.461000000000000298e+00
9.080000000000000000e+02 2.273799999999999863e-12 1.209399999999999942e+01
9.100000000000000000e+02 2.728499999999999935e-12 1.323399999999999999e+01
9.120000000000000000e+02 3.637999999999999645e-12 1.279700000000000060e+01
9.140000000000000000e+02 3.637999999999999645e-12 4.961000000000000298e+00
9.160000000000000000e+02 4.320099999999999737e-12 8.429800000000000182e+00
9.180000000000000000e+02 4.774899999999999778e-12 1.168800000000000061e+01
9.200000000000000000e+02 6.139099999999999963e-12 1.220299999999999940e+01
9.220000000000000000e+02 7.048599999999999672e-12 9.461000000000000298e+00
9.240000000000000000e+02 7.958099999999999381e-12 1.061700000000000088e+01
9.260000000000000000e+02 9.322400000000000747e-12 9.289099999999999469e+00
9.280000000000000000e+02 1.068699999999999919e-11 8.000099999999999767e+00
9.300000000000000000e+02 1.227800000000000080e-11 1.009399999999999942e+01
9.320000000000000000e+02 1.409700000000000021e-11 1.011700000000000088e+01
9.340000000000000000e+02 1.568900000000000070e-11 9.062599999999999767e+00
9.360000000000000000e+02 1.819000000000000065e-11 1.049200000000000088e+01
9.380000000000000000e+02 2.046399999999999843e-11 8.773500000000000298e+00
9.400000000000000000e+02 2.319200000000000054e-11 8.187599999999999767e+00
9.420000000000000000e+02 2.614800000000000046e-11 9.820399999999999352e+00
9.440000000000000000e+02 2.887700000000000146e-11 9.562599999999999767e+00
9.460000000000000000e+02 3.160499999999999710e-11 9.015700000000000713e+00
9.480000000000000000e+02 3.501599999999999701e-11 8.703200000000000713e+00
9.500000000000000000e+02 3.797199999999999693e-11 9.328200000000000713e+00
9.520000000000000000e+02 3.979100000000000120e-11 8.906299999999999883e+00
9.540000000000000000e+02 4.138200000000000118e-11 8.554800000000000182e+00
9.560000000000000000e+02 4.160999999999999900e-11 8.968799999999999883e+00
9.580000000000000000e+02 4.160999999999999900e-11 8.968799999999999883e+00
9.600000000000000000e+02 3.979100000000000120e-11 9.101599999999999469e+00
9.620000000000000000e+02 3.751699999999999695e-11 8.664099999999999469e+00
9.640000000000000000e+02 3.387900000000000135e-11 8.718799999999999883e+00
9.660000000000000000e+02 3.024099999999999928e-11 7.906299999999999883e+00
9.680000000000000000e+02 2.614800000000000046e-11 8.796900000000000830e+00
9.700000000000000000e+02 2.182799999999999948e-11 8.312599999999999767e+00
9.720000000000000000e+02 1.796299999999999848e-11 8.500099999999999767e+00
9.740000000000000000e+02 1.409700000000000021e-11 8.789099999999999469e+00
9.760000000000000000e+02 1.159600000000000027e-11 7.429700000000000415e+00
9.780000000000000000e+02 8.867599999999999898e-12 7.382799999999999585e+00
9.800000000000000000e+02 7.048599999999999672e-12 1.078100000000000058e+01
9.820000000000000000e+02 5.456999999999999871e-12 1.196899999999999942e+01
9.840000000000000000e+02 4.547500000000000161e-12 1.252399999999999913e+01
9.860000000000000000e+02 3.410600000000000028e-12 2.718799999999999883e+00
9.880000000000000000e+02 2.728499999999999935e-12 0.000000000000000000e+00
9.900000000000000000e+02 2.273799999999999863e-12 3.812500000000000000e+00
9.920000000000000000e+02 1.818999999999999822e-12 1.403100000000000058e+01
9.940000000000000000e+02 1.136899999999999932e-12 0.000000000000000000e+00
9.960000000000000000e+02 1.136899999999999932e-12 8.125099999999999767e+00
9.980000000000000000e+02 1.136899999999999932e-12 2.319500000000000028e+01
1.000000000000000000e+03 9.094999999999999111e-13 0.000000000000000000e+00
1.002000000000000000e+03 4.547499999999999556e-13 -1.403899999999999970e+01
1.004000000000000000e+03 4.547499999999999556e-13 0.000000000000000000e+00
1.006000000000000000e+03 4.547499999999999556e-13 -1.843799999999999883e+01
1.008000000000000000e+03 4.547499999999999556e-13 -2.656299999999999883e+01
1.010000000000000000e+03 2.273699999999999945e-13 0.000000000000000000e+00
1.012000000000000000e+03 4.547499999999999556e-13 -1.403899999999999970e+01
1.014000000000000000e+03 2.273699999999999945e-13 0.000000000000000000e+00
1.016000000000000000e+03 4.547499999999999556e-13 -1.843799999999999883e+01
1.018000000000000000e+03 0.000000000000000000e+00 0.000000000000000000e+00
1.020000000000000000e+03 2.273699999999999945e-13 2.655499999999999972e+01
1.022000000000000000e+03 2.273699999999999945e-13 2.655499999999999972e+01
1.024000000000000000e+03 4.547499999999999556e-13 -1.843799999999999883e+01
1.026000000000000000e+03 4.547499999999999556e-13 -1.843799999999999883e+01
1.028000000000000000e+03 2.273699999999999945e-13 -2.656299999999999883e+01
1.030000000000000000e+03 4.547499999999999556e-13 0.000000000000000000e+00
1.032000000000000000e+03 2.273699999999999945e-13 0.000000000000000000e+00
1.034000000000000000e+03 0.000000000000000000e+00 4.499199999999999733e+01
1.036000000000000000e+03 0.000000000000000000e+00 -4.500000000000000000e+01
1.038000000000000000e+03 0.000000000000000000e+00 0.000000000000000000e+00
1.040000000000000000e+03 4.547499999999999556e-13 4.499199999999999733e+01
1.042000000000000000e+03 4.547499999999999556e-13 4.499199999999999733e+01
1.044000000000000000e+03 4.547499999999999556e-13 -4.500000000000000000e+01
1.046000000000000000e+03 2.273699999999999945e-13 2.655499999999999972e+01
1.048000000000000000e+03 4.547499999999999556e-13 -1.403899999999999970e+01
1.050000000000000000e+03 3.865400000000000069e-12 2.382800000000000029e+00
1.052000000000000000e+03 7.730800000000000138e-12 8.648500000000000298e+00
1.054000000000000000e+03 8.640300000000000655e-12 7.664100000000000357e+00
1.056000000000000000e+03 1.477900000000000074e-11 7.117200000000000415e+00
1.058000000000000000e+03 1.978199999999999952e-11 8.125099999999999767e+00
1.060000000000000000e+03 1.864500000000000063e-11 7.625000000000000000e+00
