8.000000000000000000e+02 4.547499999999999556e-13 1.842999999999999972e+01
8.020000000000000000e+02 0.000000000000000000e+00 -4.500000000000000000e+01
8.040000000000000000e+02 4.547499999999999556e-13 -1.403899999999999970e+01
8.060000000000000000e+02 1.591600000000000004e-12 0.000000000000000000e+00
8.080000000000000000e+02 3.183299999999999977e-12 5.711000000000000298e+00
8.100000000000000000e+02 7.958099999999999381e-12 9.461000000000000298e+00
8.120000000000000000e+02 1.705299999999999852e-11 1.010200000000000031e+01
8.140000000000000000e+02 3.296900000000000139e-11 1.074200000000000088e+01
8.160000000000000000e+02 5.525200000000000085e-11 1.039100000000000001e+01
8.180000000000000000e+02 7.730700000000000249e-11 1.026600000000000001e+01
8.200000000000000000e+02 9.049499999999999356e-11 1.037500000000000000e+01
8.220000000000000000e+02 9.276899999999999780e-11 1.021899999999999942e+01
8.240000000000000000e+02 8.617500000000000227e-11 1.021899999999999942e+01
8.260000000000000000e+02 7.526100000000000253e-11 1.018800000000000061e+01
8.280000000000000000e+02 6.275600000000000280e-11 1.007799999999999940e+01
8.300000000000000000e+02 4.843100000000000316e-11 1.030499999999999972e+01
8.320000000000000000e+02 3.615299999999999913e-11 1.063299999999999912e+01
8.340000000000000000e+02 2.592100000000000153e-11 9.937599999999999767e+00
8.360000000000000000e+02 1.841699999999999958e-11 1.039100000000000001e+01
8.380000000000000000e+02 1.250600000000000023e-11 1.057000000000000028e+01
8.400000000000000000e+02 9.322400000000000747e-12 1.030499999999999972e+01
8.420000000000000000e+02 6.821200000000000056e-12 1.130499999999999972e+01
8.440000000000000000e+02 4.774899999999999778e-12 1.209399999999999942e+01
8.460000000000000000e+02 3.410600000000000028e-12 1.403100000000000058e+01
8.480000000000000000e+02 2.273799999999999863e-12 7.593799999999999883e+00
8.500000000000000000e+02 1.818999999999999822e-12 1.403100000000000058e+01
8.520000000000000000e+02 1.364199999999999983e-12 2.655499999999999972e+01
8.540000000000000000e+02 1.136899999999999932e-12 3.368800000000000239e+01
8.560000000000000000e+02 6.821200000000000258e-13 2.179700000000000060e+01
8.580000000000000000e+02 4.547499999999999556e-13 0.000000000000000000e+00
8.600000000000000000e+02 4.547499999999999556e-13 1.842999999999999972e+01
8.620000000000000000e+02 4.547499999999999556e-13 3.368800000000000239e+01
8.640000000000000000e+02 4.547499999999999556e-13 0.000000000000000000e+00
8.660000000000000000e+02 6.821200000000000258e-13 1.130499999999999972e+01
8.680000000000000000e+02 6.821200000000000258e-13 -1.131300000000000061e+01
8.700000000000000000e+02 4.547499999999999556e-13 2.655499999999999972e+01
8.720000000000000000e+02 4.547499999999999556e-13 -1.843799999999999883e+01
8.740000000000000000e+02 0.000000000000000000e+00 0.000000000000000000e+00
8.760000000000000000e+02 2.273699999999999945e-13 2.655499999999999972e+01
8.780000000000000000e+02 0.000000000000000000e+00 4.499199999999999733e+01
8.800000000000000000e+02 2.273699999999999945e-13 0.000000000000000000e+00
8.820000000000000000e+02 4.547499999999999556e-13 0.000000000000000000e+00
8.840000000000000000e+02 9.094999999999999111e-13 0.000000000000000000e+00
8.860000000000000000e+02 1.136899999999999932e-12 1.594500000000000028e+01
8.880000000000000000e+02 1.136899999999999932e-12 1.594500000000000028e+01
8.900000000000000000e+02 1.591600000000000004e-12 1.130499999999999972e+01
8.920000000000000000e+02 2.046399999999999843e-12 8.742300000000000182e+00
8.940000000000000000e+02 3.637999999999999645e-12 7.429700000000000415e+00
8.960000000000000000e+02 6.139099999999999963e-12 4.632799999999999585e+00
8.980000000000000000e+02 1.045899999999999976e-11 6.336000000000000298e+00
9.000000000000000000e+02 1.728000000000000069e-11 7.187500000000000000e+00
9.020000000000000000e+02 2.933099999999999932e-11 7.523500000000000298e+00
9.040000000000000000e+02 4.911299999999999884e-11 7.796899999999999942e+00
9.060000000000000000e+02 8.094599999999999375e-11 8.257899999999999352e+00
9.080000000000000000e+02 1.302899999999999968e-10 8.226599999999999469e+00
9.100000000000000000e+02 2.046400000000000037e-10 8.468799999999999883e+00
9.120000000000000000e+02 3.101399999999999754e-10 8.586000000000000298e+00
9.140000000000000000e+02 4.470200000000000238e-10 8.789099999999999469e+00
9.160000000000000000e+02 6.100499999999999768e-10 8.937599999999999767e+00
9.180000000000000000e+02 7.951300000000000242e-10 9.062599999999999767e+00
9.200000000000000000e+02 9.786200000000000803e-10 9.234400000000000830e+00
9.220000000000000000e+02 1.128200000000000095e-09 9.281299999999999883e+00
9.240000000000000000e+02 1.226199999999999964e-09 9.382899999999999352e+00
9.260000000000000000e+02 1.253300000000000004e-09 9.468799999999999883e+00
9.280000000000000000e+02 1.207999999999999964e-09 9.562599999999999767e+00
9.300000000000000000e+02 1.099999999999999924e-09 9.578200000000000713e+00
9.320000000000000000e+02 9.583900000000000374e-10 9.625099999999999767e+00
9.340000000000000000e+02 8.092300000000000066e-10 9.679800000000000182e+00
9.360000000000000000e+02 6.634799999999999671e-10 9.625099999999999767e+00
9.380000000000000000e+02 5.425200000000000043e-10 9.632899999999999352e+00
9.400000000000000000e+02 4.461100000000000239e-10 9.562599999999999767e+00
9.420000000000000000e+02 3.719799999999999914e-10 9.539099999999999469e+00
9.440000000000000000e+02 3.162800000000000183e-10 9.515700000000000713e+00
9.460000000000000000e+02 2.739900000000000020e-10 9.617300000000000182e+00
9.480000000000000000e+02 2.426100000000000028e-10 9.640700000000000713e+00
9.500000000000000000e+02 2.164599999999999949e-10 9.617300000000000182e+00
9.520000000000000000e+02 1.939500000000000127e-10 9.625099999999999767e+00
9.540000000000000000e+02 1.759900000000000044e-10 9.640700000000000713e+00
9.560000000000000000e+02 1.589399999999999960e-10 9.578200000000000713e+00
9.580000000000000000e+02 1.439299999999999879e-10 9.586000000000000298e+00
9.600000000000000000e+02 1.300599999999999882e-10 9.875099999999999767e+00
9.620000000000000000e+02 1.173299999999999970e-10 9.726599999999999469e+00
9.640000000000000000e+02 1.045899999999999976e-10 9.718799999999999883e+00
9.660000000000000000e+02 9.345100000000000641e-11 9.640700000000000713e+00
9.680000000000000000e+02 8.276400000000000237e-11 9.836000000000000298e+00
9.700000000000000000e+02 7.276000000000000258e-11 9.867300000000000182e+00
9.720000000000000000e+02 6.389200000000000281e-11 9.750099999999999767e+00
9.740000000000000000e+02 5.547900000000000301e-11 9.992300000000000182e+00
9.760000000000000000e+02 4.797600000000000318e-11 9.562599999999999767e+00
9.780000000000000000e+02 4.115499999999999902e-11 9.492300000000000182e+00
9.800000000000000000e+02 3.547000000000000133e-11 9.461000000000000298e+00
9.820000000000000000e+02 3.046800000000000144e-11 1.032799999999999940e+01
9.840000000000000000e+02 2.614800000000000046e-11 9.820399999999999352e+00
9.860000000000000000e+02 2.228299999999999946e-11 9.461000000000000298e+00
9.880000000000000000e+02 1.932699999999999954e-11 9.461000000000000298e+00
9.900000000000000000e+02 1.659799999999999854e-11 1.040600000000000058e+01
9.920000000000000000e+02 1.432499999999999965e-11 1.143800000000000061e+01
9.940000000000000000e+02 1.205100000000000025e-11 8.687599999999999767e+00
9.960000000000000000e+02 1.045899999999999976e-11 9.156299999999999883e+00
9.980000000000000000e+02 9.095000000000000323e-12 8.429800000000000182e+00
1.000000000000000000e+03 7.958099999999999381e-12 8.296900000000000830e+00
1.002000000000000000e+03 7.048599999999999672e-12 7.937500000000000000e+00
1.004000000000000000e+03 5.911700000000000346e-12 7.906299999999999883e+00
1.006000000000000000e+03 5.229600000000000254e-12 8.875099999999999767e+00
1.008000000000000000e+03 4.774899999999999778e-12 9.461000000000000298e+00
1.010000000000000000e+03 4.320099999999999737e-12 6.578199999999999825e+00
1.012000000000000000e+03 4.092700000000000120e-12 9.086000000000000298e+00
1.014000000000000000e+03 3.637999999999999645e-12 4.961000000000000298e+00
1.016000000000000000e+03 3.410600000000000028e-12 5.437500000000000000e+00
1.018000000000000000e+03 3.183299999999999977e-12 5.711000000000000298e+00
1.020000000000000000e+03 2.955899999999999956e-12 6.007799999999999585e+00
1.022000000000000000e+03 2.501099999999999915e-12 3.570300000000000029e+00
1.024000000000000000e+03 2.273799999999999863e-12 7.593799999999999883e+00
1.026000000000000000e+03 2.273799999999999863e-12 4.078199999999999825e+00
1.028000000000000000e+03 2.046399999999999843e-12 4.390699999999999825e+00
1.030000000000000000e+03 1.818999999999999822e-12 1.997700000000000031e+01
1.032000000000000000e+03 1.818999999999999822e-12 1.030499999999999972e+01
1.034000000000000000e+03 1.818999999999999822e-12 1.525000000000000000e+01
1.036000000000000000e+03 1.591600000000000004e-12 1.130499999999999972e+01
1.038000000000000000e+03 1.364199999999999983e-12 1.252399999999999913e+01
1.040000000000000000e+03 1.364199999999999983e-12 0.000000000000000000e+00
1.042000000000000000e+03 1.591600000000000004e-12 0.000000000000000000e+00
1.044000000000000000e+03 1.136899999999999932e-12 1.403100000000000058e+01
1.046000000000000000e+03 1.364199999999999983e-12 2.055499999999999972e+01
1.048000000000000000e+03 1.364199999999999983e-12 1.252399999999999913e+01
1.050000000000000000e+03 5.911700000000000346e-12 9.461000000000000298e+00
1.052000000000000000e+03 1.045899999999999976e-11 8.257899999999999352e+00
1.054000000000000000e+03 1.318800000000000075e-11 5.711000000000000298e+00
1.056000000000000000e+03 2.410200000000000050e-11 6.336000000000000298e+00
1.058000000000000000e+03 2.887700000000000146e-11 6.265699999999999825e+00
1.060000000000000000e+03 2.682999999999999937e-11 7.468799999999999883e+00
