8.000000000000000000e+02 2.273799999999999863e-12 3.812500000000000000e+00
8.020000000000000000e+02 1.818999999999999822e-12 1.525000000000000000e+01
8.040000000000000000e+02 1.364199999999999983e-12 3.200000000000000000e+01
8.060000000000000000e+02 1.136899999999999932e-12 2.974200000000000088e+01
8.080000000000000000e+02 9.094999999999999111e-13 9.461000000000000298e+00
8.100000000000000000e+02 1.364199999999999983e-12 6.336000000000000298e+00
8.120000000000000000e+02 2.273799999999999863e-12 0.000000000000000000e+00
8.140000000000000000e+02 3.410600000000000028e-12 1.403100000000000058e+01
8.160000000000000000e+02 4.774899999999999778e-12 1.209399999999999942e+01
8.180000000000000000e+02 6.593900000000000004e-12 1.158600000000000030e+01
8.200000000000000000e+02 9.777100000000000415e-12 9.617300000000000182e+00
8.220000000000000000e+02 1.295999999999999971e-11 7.390699999999999825e+00
8.240000000000000000e+02 1.659799999999999854e-11 8.609400000000000830e+00
8.260000000000000000e+02 2.114600000000000057e-11 9.461000000000000298e+00
8.280000000000000000e+02 2.523899999999999939e-11 9.828200000000000713e+00
8.300000000000000000e+02 2.705800000000000042e-11 9.171900000000000830e+00
8.320000000000000000e+02 2.796700000000000150e-11 8.898500000000000298e+00
8.340000000000000000e+02 2.569300000000000048e-11 1.000000000000000000e+01
8.360000000000000000e+02 2.273799999999999944e-11 9.664099999999999469e+00
8.380000000000000000e+02 1.841699999999999958e-11 9.882899999999999352e+00
8.400000000000000000e+02 1.409700000000000021e-11 9.461000000000000298e+00
8.420000000000000000e+02 1.045899999999999976e-11 1.078100000000000058e+01
8.440000000000000000e+02 7.275999999999999289e-12 6.484399999999999942e+00
8.460000000000000000e+02 5.456999999999999871e-12 1.061700000000000088e+01
8.480000000000000000e+02 3.637999999999999645e-12 1.279700000000000060e+01
8.500000000000000000e+02 2.955899999999999956e-12 6.336000000000000298e+00
8.520000000000000000e+02 1.364199999999999983e-12 1.842999999999999972e+01
8.540000000000000000e+02 1.136899999999999932e-12 1.594500000000000028e+01
8.560000000000000000e+02 1.136899999999999932e-12 1.594500000000000028e+01
8.580000000000000000e+02 1.136899999999999932e-12 2.655499999999999972e+01
8.600000000000000000e+02 4.547499999999999556e-13 3.368800000000000239e+01
8.620000000000000000e+02 4.547499999999999556e-13 4.499199999999999733e+01
8.640000000000000000e+02 2.273699999999999945e-13 0.000000000000000000e+00
8.660000000000000000e+02 4.547499999999999556e-13 0.000000000000000000e+00
8.680000000000000000e+02 4.547499999999999556e-13 1.842999999999999972e+01
8.700000000000000000e+02 4.547499999999999556e-13 0.000000000000000000e+00
8.720000000000000000e+02 2.273699999999999945e-13 2.655499999999999972e+01
8.740000000000000000e+02 0.000000000000000000e+00 0.000000000000000000e+00
8.760000000000000000e+02 0.000000000000000000e+00 -4.500000000000000000e+01
8.780000000000000000e+02 4.547499999999999556e-13 -2.656299999999999883e+01
8.800000000000000000e+02 6.821200000000000258e-13 1.130499999999999972e+01
8.820000000000000000e+02 6.821200000000000258e-13 2.179700000000000060e+01
8.840000000000000000e+02 9.094999999999999111e-13 0.000000000000000000e+00
8.860000000000000000e+02 6.821200000000000258e-13 1.130499999999999972e+01
8.880000000000000000e+02 1.364199999999999983e-12 6.336000000000000298e+00
8.900000000000000000e+02 1.818999999999999822e-12 1.030499999999999972e+01
8.920000000000000000e+02 2.046399999999999843e-12 1.299200000000000088e+01
8.940000000000000000e+02 2.955899999999999956e-12 9.461000000000000298e+00
8.960000000000000000e+02 4.320099999999999737e-12 8.429800000000000182e+00
8.980000000000000000e+02 6.139099999999999963e-12 1.100000000000000000e+01
9.000000000000000000e+02 8.640300000000000655e-12 1.088299999999999912e+01
9.020000000000000000e+02 1.114100000000000029e-11 1.014899999999999913e+01
9.040000000000000000e+02 1.477900000000000074e-11 1.155499999999999972e+01
9.060000000000000000e+02 2.000899999999999845e-11 9.539099999999999469e+00
9.080000000000000000e+02 2.682999999999999937e-11 9.976599999999999469e+00
9.100000000000000000e+02 3.547000000000000133e-11 1.082799999999999940e+01
9.120000000000000000e+02 4.615699999999999891e-11 1.061700000000000088e+01
9.140000000000000000e+02 5.980000000000000288e-11 1.039899999999999913e+01
9.160000000000000000e+02 7.662499999999999389e-11 1.023399999999999999e+01
9.180000000000000000e+02 9.731599999999999771e-11 1.025000000000000000e+01
9.200000000000000000e+02 1.200499999999999887e-10 1.031300000000000061e+01
9.220000000000000000e+02 1.452899999999999967e-10 1.001600000000000001e+01
9.240000000000000000e+02 1.728099999999999957e-10 9.875099999999999767e+00
9.260000000000000000e+02 1.996399999999999951e-10 9.742300000000000182e+00
9.280000000000000000e+02 2.237399999999999946e-10 9.687599999999999767e+00
9.300000000000000000e+02 2.421499999999999858e-10 9.664099999999999469e+00
9.320000000000000000e+02 2.526100000000000200e-10 9.453200000000000713e+00
9.340000000000000000e+02 2.532999999999999938e-10 9.343799999999999883e+00
9.360000000000000000e+02 2.432899999999999943e-10 9.211000000000000298e+00
9.380000000000000000e+02 2.246499999999999945e-10 9.086000000000000298e+00
9.400000000000000000e+02 1.994100000000000124e-10 8.882899999999999352e+00
9.420000000000000000e+02 1.707599999999999873e-10 8.804800000000000182e+00
9.440000000000000000e+02 1.414299999999999965e-10 8.734400000000000830e+00
9.460000000000000000e+02 1.148199999999999974e-10 8.421900000000000830e+00
9.480000000000000000e+02 9.163200000000000214e-11 8.570399999999999352e+00
9.500000000000000000e+02 7.253299999999999396e-11 8.703200000000000713e+00
9.520000000000000000e+02 5.752599999999999863e-11 8.968799999999999883e+00
9.540000000000000000e+02 4.615699999999999891e-11 9.148500000000000298e+00
9.560000000000000000e+02 3.728899999999999914e-11 8.742300000000000182e+00
9.580000000000000000e+02 3.114999999999999712e-11 8.601599999999999469e+00
9.600000000000000000e+02 2.660300000000000044e-11 8.992300000000000182e+00
9.620000000000000000e+02 2.228299999999999946e-11 8.609400000000000830e+00
9.640000000000000000e+02 1.932699999999999954e-11 8.890700000000000713e+00
9.660000000000000000e+02 1.705299999999999852e-11 8.914099999999999469e+00
9.680000000000000000e+02 1.477900000000000074e-11 9.562599999999999767e+00
9.700000000000000000e+02 1.295999999999999971e-11 9.461000000000000298e+00
9.720000000000000000e+02 1.182399999999999970e-11 7.320299999999999585e+00
9.740000000000000000e+02 1.045899999999999976e-11 7.234399999999999942e+00
9.760000000000000000e+02 9.777100000000000415e-12 7.718799999999999883e+00
9.780000000000000000e+02 8.185499999999999806e-12 7.961000000000000298e+00
9.800000000000000000e+02 7.730800000000000138e-12 8.648500000000000298e+00
9.820000000000000000e+02 6.593900000000000004e-12 1.017200000000000060e+01
9.840000000000000000e+02 5.684400000000000295e-12 6.515699999999999825e+00
9.860000000000000000e+02 5.911700000000000346e-12 6.336000000000000298e+00
9.880000000000000000e+02 5.456999999999999871e-12 1.030499999999999972e+01
9.900000000000000000e+02 4.547500000000000161e-12 8.125099999999999767e+00
9.920000000000000000e+02 4.547500000000000161e-12 1.011700000000000088e+01
9.940000000000000000e+02 3.865400000000000069e-12 7.117200000000000415e+00
9.960000000000000000e+02 3.637999999999999645e-12 2.484399999999999942e+00
9.980000000000000000e+02 2.955899999999999956e-12 6.007799999999999585e+00
1.000000000000000000e+03 2.955899999999999956e-12 1.252399999999999913e+01
1.002000000000000000e+03 2.273799999999999863e-12 0.000000000000000000e+00
1.004000000000000000e+03 2.501099999999999915e-12 3.570300000000000029e+00
1.006000000000000000e+03 2.273799999999999863e-12 1.130499999999999972e+01
1.008000000000000000e+03 2.046399999999999843e-12 1.299200000000000088e+01
1.010000000000000000e+03 2.273799999999999863e-12 1.209399999999999942e+01
1.012000000000000000e+03 2.273799999999999863e-12 4.078199999999999825e+00
1.014000000000000000e+03 1.818999999999999822e-12 5.195299999999999585e+00
1.016000000000000000e+03 1.818999999999999822e-12 4.757799999999999585e+00
1.018000000000000000e+03 1.591600000000000004e-12 2.396099999999999852e+01
1.020000000000000000e+03 1.136899999999999932e-12 1.403100000000000058e+01
1.022000000000000000e+03 1.364199999999999983e-12 -6.343799999999999883e+00
1.024000000000000000e+03 1.136899999999999932e-12 0.000000000000000000e+00
1.026000000000000000e+03 1.364199999999999983e-12 2.055499999999999972e+01
1.028000000000000000e+03 1.364199999999999983e-12 0.000000000000000000e+00
1.030000000000000000e+03 9.094999999999999111e-13 0.000000000000000000e+00
1.032000000000000000e+03 1.136899999999999932e-12 -7.125000000000000000e+00
1.034000000000000000e+03 1.136899999999999932e-12 7.117200000000000415e+00
1.036000000000000000e+03 1.136899999999999932e-12 -1.595299999999999940e+01
1.038000000000000000e+03 1.364199999999999983e-12 6.336000000000000298e+00
1.040000000000000000e+03 1.364199999999999983e-12 0.000000000000000000e+00
1.042000000000000000e+03 9.094999999999999111e-13 1.842999999999999972e+01
1.044000000000000000e+03 1.136899999999999932e-12 0.000000000000000000e+00
1.046000000000000000e+03 1.364199999999999983e-12 -6.343799999999999883e+00
1.048000000000000000e+03 1.136899999999999932e-12 1.403100000000000058e+01
1.050000000000000000e+03 8.640300000000000655e-12 3.296899999999999942e+00
1.052000000000000000e+03 1.614400000000000068e-11 5.296899999999999942e+00
1.054000000000000000e+03 1.659799999999999854e-11 6.336000000000000298e+00
1.056000000000000000e+03 2.569300000000000048e-11 7.390699999999999825e+00
1.058000000000000000e+03 3.046800000000000144e-11 5.953199999999999825e+00
1.060000000000000000e+03 2.796700000000000150e-11 6.148500000000000298e+00
