8.000000000000000000e+02 5.911700000000000346e-12 7.906299999999999883e+00
8.020000000000000000e+02 3.410600000000000028e-12 2.718799999999999883e+00
8.040000000000000000e+02 1.818999999999999822e-12 1.030499999999999972e+01
8.060000000000000000e+02 2.273799999999999863e-12 3.812500000000000000e+00
8.080000000000000000e+02 3.637999999999999645e-12 9.859400000000000830e+00
8.100000000000000000e+02 7.503399999999999713e-12 1.007799999999999940e+01
8.120000000000000000e+02 1.568900000000000070e-11 9.656299999999999883e+00
8.140000000000000000e+02 2.978599999999999930e-11 9.617300000000000182e+00
8.160000000000000000e+02 5.115899999999999880e-11 9.336000000000000298e+00
8.180000000000000000e+02 7.230500000000000260e-11 9.414099999999999469e+00
8.200000000000000000e+02 8.549299999999999367e-11 9.515700000000000713e+00
8.220000000000000000e+02 8.890399999999999357e-11 9.476599999999999469e+00
8.240000000000000000e+02 8.344699999999999370e-11 9.406299999999999883e+00
8.260000000000000000e+02 7.321500000000000256e-11 9.414099999999999469e+00
8.280000000000000000e+02 6.025399999999999428e-11 9.226599999999999469e+00
8.300000000000000000e+02 4.729400000000000103e-11 9.328200000000000713e+00
8.320000000000000000e+02 3.524299999999999917e-11 9.234400000000000830e+00
8.340000000000000000e+02 2.546600000000000155e-11 9.765700000000000713e+00
8.360000000000000000e+02 1.750799999999999850e-11 8.656299999999999883e+00
8.380000000000000000e+02 1.227800000000000080e-11 8.562599999999999767e+00
8.400000000000000000e+02 8.867599999999999898e-12 7.382799999999999585e+00
8.420000000000000000e+02 5.911700000000000346e-12 6.336000000000000298e+00
8.440000000000000000e+02 4.320099999999999737e-12 1.088299999999999912e+01
8.460000000000000000e+02 2.955899999999999956e-12 9.461000000000000298e+00
8.480000000000000000e+02 2.273799999999999863e-12 4.078199999999999825e+00
8.500000000000000000e+02 1.818999999999999822e-12 0.000000000000000000e+00
8.520000000000000000e+02 1.136899999999999932e-12 1.403100000000000058e+01
8.540000000000000000e+02 1.136899999999999932e-12 1.403100000000000058e+01
8.560000000000000000e+02 1.136899999999999932e-12 -8.132899999999999352e+00
8.580000000000000000e+02 1.136899999999999932e-12 0.000000000000000000e+00
8.600000000000000000e+02 9.094999999999999111e-13 0.000000000000000000e+00
8.620000000000000000e+02 6.821200000000000258e-13 0.000000000000000000e+00
8.640000000000000000e+02 6.821200000000000258e-13 -2.180499999999999972e+01
8.660000000000000000e+02 4.547499999999999556e-13 -1.403899999999999970e+01
8.680000000000000000e+02 0.000000000000000000e+00 -4.500000000000000000e+01
8.700000000000000000e+02 4.547499999999999556e-13 3.368800000000000239e+01
8.720000000000000000e+02 0.000000000000000000e+00 0.000000000000000000e+00
8.740000000000000000e+02 4.547499999999999556e-13 -1.843799999999999883e+01
8.760000000000000000e+02 4.547499999999999556e-13 -2.656299999999999883e+01
8.780000000000000000e+02 2.273699999999999945e-13 0.000000000000000000e+00
8.800000000000000000e+02 6.821200000000000258e-13 1.130499999999999972e+01
8.820000000000000000e+02 4.547499999999999556e-13 2.655499999999999972e+01
8.840000000000000000e+02 1.136899999999999932e-12 2.655499999999999972e+01
8.860000000000000000e+02 4.547499999999999556e-13 2.655499999999999972e+01
8.880000000000000000e+02 1.136899999999999932e-12 0.000000000000000000e+00
8.900000000000000000e+02 1.818999999999999822e-12 9.461000000000000298e+00
8.920000000000000000e+02 2.501099999999999915e-12 0.000000000000000000e+00
8.940000000000000000e+02 3.865400000000000069e-12 9.461000000000000298e+00
8.960000000000000000e+02 6.593900000000000004e-12 1.017200000000000060e+01
8.980000000000000000e+02 1.114100000000000029e-11 7.757799999999999585e+00
9.000000000000000000e+02 1.864500000000000063e-11 8.195399999999999352e+00
9.020000000000000000e+02 3.069599999999999926e-11 8.390700000000000713e+00
9.040000000000000000e+02 5.047700000000000312e-11 8.929800000000000182e+00
9.060000000000000000e+02 8.071800000000000240e-11 9.359400000000000830e+00
9.080000000000000000e+02 1.277799999999999972e-10 9.140700000000000713e+00
9.100000000000000000e+02 1.973600000000000040e-10 9.078200000000000713e+00
9.120000000000000000e+02 2.937700000000000102e-10 9.093799999999999883e+00
9.140000000000000000e+02 4.201900000000000245e-10 9.171900000000000830e+00
9.160000000000000000e+02 5.745799999999999949e-10 9.242300000000000182e+00
9.180000000000000000e+02 7.428300000000000084e-10 9.234400000000000830e+00
9.200000000000000000e+02 9.092700000000000044e-10 9.226599999999999469e+00
9.220000000000000000e+02 1.049800000000000035e-09 9.125099999999999767e+00
9.240000000000000000e+02 1.141700000000000100e-09 9.148500000000000298e+00
9.260000000000000000e+02 1.168000000000000103e-09 9.125099999999999767e+00
9.280000000000000000e+02 1.126000000000000041e-09 9.023500000000000298e+00
9.300000000000000000e+02 1.026599999999999950e-09 8.953200000000000713e+00
9.320000000000000000e+02 8.947199999999999874e-10 8.875099999999999767e+00
9.340000000000000000e+02 7.494299999999999649e-10 8.765700000000000713e+00
9.360000000000000000e+02 6.145900000000000459e-10 8.664099999999999469e+00
9.380000000000000000e+02 4.990899999999999795e-10 8.632899999999999352e+00
9.400000000000000000e+02 4.076799999999999818e-10 8.711000000000000298e+00
9.420000000000000000e+02 3.387899999999999747e-10 8.617300000000000182e+00
9.440000000000000000e+02 2.862600000000000020e-10 8.593799999999999883e+00
9.460000000000000000e+02 2.480700000000000026e-10 8.726599999999999469e+00
9.480000000000000000e+02 2.182799999999999948e-10 8.648500000000000298e+00
9.500000000000000000e+02 1.948600000000000126e-10 8.648500000000000298e+00
9.520000000000000000e+02 1.746199999999999874e-10 8.609400000000000830e+00
9.540000000000000000e+02 1.573399999999999964e-10 8.507899999999999352e+00
9.560000000000000000e+02 1.423399999999999965e-10 8.531299999999999883e+00
9.580000000000000000e+02 1.286899999999999971e-10 8.554800000000000182e+00
9.600000000000000000e+02 1.164199999999999971e-10 8.554800000000000182e+00
9.620000000000000000e+02 1.045899999999999976e-10 8.336000000000000298e+00
9.640000000000000000e+02 9.345100000000000641e-11 8.382899999999999352e+00
9.660000000000000000e+02 8.299199999999999372e-11 8.531299999999999883e+00
9.680000000000000000e+02 7.366899999999999396e-11 8.437599999999999767e+00
9.700000000000000000e+02 6.480200000000000277e-11 8.562599999999999767e+00
9.720000000000000000e+02 5.707099999999999865e-11 8.554800000000000182e+00
9.740000000000000000e+02 4.956799999999999882e-11 8.671900000000000830e+00
9.760000000000000000e+02 4.297399999999999682e-11 8.031299999999999883e+00
9.780000000000000000e+02 3.660699999999999699e-11 8.054800000000000182e+00
9.800000000000000000e+02 3.205999999999999708e-11 8.921900000000000830e+00
9.820000000000000000e+02 2.773999999999999933e-11 8.945399999999999352e+00
9.840000000000000000e+02 2.387399999999999945e-11 9.195399999999999352e+00
9.860000000000000000e+02 2.000899999999999845e-11 8.992300000000000182e+00
9.880000000000000000e+02 1.728000000000000069e-11 8.820399999999999352e+00
9.900000000000000000e+02 1.477900000000000074e-11 1.018800000000000061e+01
9.920000000000000000e+02 1.273300000000000078e-11 8.968799999999999883e+00
9.940000000000000000e+02 1.136899999999999972e-11 7.539100000000000357e+00
9.960000000000000000e+02 9.777100000000000415e-12 7.718799999999999883e+00
9.980000000000000000e+02 8.867599999999999898e-12 7.382799999999999585e+00
1.000000000000000000e+03 7.275999999999999289e-12 9.039099999999999469e+00
1.002000000000000000e+03 6.821200000000000056e-12 8.125099999999999767e+00
1.004000000000000000e+03 5.911700000000000346e-12 9.718799999999999883e+00
1.006000000000000000e+03 5.229600000000000254e-12 1.095299999999999940e+01
1.008000000000000000e+03 4.320099999999999737e-12 1.049200000000000088e+01
1.010000000000000000e+03 4.092700000000000120e-12 1.130499999999999972e+01
1.012000000000000000e+03 3.637999999999999645e-12 7.429700000000000415e+00
1.014000000000000000e+03 3.637999999999999645e-12 5.195299999999999585e+00
1.016000000000000000e+03 2.955899999999999956e-12 1.252399999999999913e+01
1.018000000000000000e+03 2.501099999999999915e-12 3.570300000000000029e+00
1.020000000000000000e+03 2.501099999999999915e-12 3.570300000000000029e+00
1.022000000000000000e+03 2.273799999999999863e-12 0.000000000000000000e+00
1.024000000000000000e+03 2.273799999999999863e-12 0.000000000000000000e+00
1.026000000000000000e+03 2.046399999999999843e-12 4.390699999999999825e+00
1.028000000000000000e+03 1.818999999999999822e-12 4.757799999999999585e+00
1.030000000000000000e+03 1.818999999999999822e-12 5.195299999999999585e+00
1.032000000000000000e+03 2.046399999999999843e-12 8.742300000000000182e+00
1.034000000000000000e+03 1.591600000000000004e-12 1.130499999999999972e+01
1.036000000000000000e+03 1.818999999999999822e-12 1.403100000000000058e+01
1.038000000000000000e+03 1.364199999999999983e-12 0.000000000000000000e+00
1.040000000000000000e+03 1.364199999999999983e-12 0.000000000000000000e+00
1.042000000000000000e+03 1.136899999999999932e-12 0.000000000000000000e+00
1.044000000000000000e+03 1.591600000000000004e-12 0.000000000000000000e+00
1.046000000000000000e+03 1.818999999999999822e-12 5.195299999999999585e+00
1.048000000000000000e+03 1.818999999999999822e-12 0.000000000000000000e+00
1.050000000000000000e+03 7.503399999999999713e-12 7.429700000000000415e+00
1.052000000000000000e+03 1.045899999999999976e-11 9.898500000000000298e+00
1.054000000000000000e+03 1.250600000000000023e-11 9.828200000000000713e+00
1.056000000000000000e+03 1.978199999999999952e-11 8.601599999999999469e+00
1.058000000000000000e+03 2.432899999999999943e-11 1.023399999999999999e+01
1.060000000000000000e+03 2.296500000000000161e-11 9.179800000000000182e+00
