8.000000000000000000e+02 9.094999999999999111e-13 0.000000000000000000e+00
8.020000000000000000e+02 6.821200000000000258e-13 0.000000000000000000e+00
8.040000000000000000e+02 4.547499999999999556e-13 1.842999999999999972e+01
8.060000000000000000e+02 0.000000000000000000e+00 8.999299999999999500e+01
8.080000000000000000e+02 0.000000000000000000e+00 -4.500000000000000000e+01
8.100000000000000000e+02 0.000000000000000000e+00 0.000000000000000000e+00
8.120000000000000000e+02 4.547499999999999556e-13 -4.500000000000000000e+01
8.140000000000000000e+02 0.000000000000000000e+00 -4.500000000000000000e+01
8.160000000000000000e+02 0.000000000000000000e+00 -4.500000000000000000e+01
8.180000000000000000e+02 0.000000000000000000e+00 -4.500000000000000000e+01
8.200000000000000000e+02 2.273699999999999945e-13 -9.000100000000000477e+01
8.220000000000000000e+02 2.273699999999999945e-13 0.000000000000000000e+00
8.240000000000000000e+02 0.000000000000000000e+00 0.000000000000000000e+00
8.260000000000000000e+02 0.000000000000000000e+00 1.799900000000000091e+02
8.280000000000000000e+02 0.000000000000000000e+00 8.999299999999999500e+01
8.300000000000000000e+02 0.000000000000000000e+00 0.000000000000000000e+00
8.320000000000000000e+02 0.000000000000000000e+00 8.999299999999999500e+01
8.340000000000000000e+02 2.273699999999999945e-13 6.342999999999999972e+01
8.360000000000000000e+02 2.273699999999999945e-13 6.342999999999999972e+01
8.380000000000000000e+02 2.273699999999999945e-13 0.000000000000000000e+00
8.400000000000000000e+02 2.273699999999999945e-13 0.000000000000000000e+00
8.420000000000000000e+02 4.547499999999999556e-13 1.403100000000000058e+01
8.440000000000000000e+02 4.547499999999999556e-13 3.368800000000000239e+01
8.460000000000000000e+02 0.000000000000000000e+00 4.499199999999999733e+01
8.480000000000000000e+02 2.273699999999999945e-13 2.655499999999999972e+01
8.500000000000000000e+02 4.547499999999999556e-13 -1.843799999999999883e+01
8.520000000000000000e+02 4.547499999999999556e-13 1.842999999999999972e+01
8.540000000000000000e+02 6.821200000000000258e-13 2.179700000000000060e+01
8.560000000000000000e+02 9.094999999999999111e-13 1.842999999999999972e+01
8.580000000000000000e+02 6.821200000000000258e-13 2.179700000000000060e+01
8.600000000000000000e+02 9.094999999999999111e-13 9.461000000000000298e+00
8.620000000000000000e+02 1.136899999999999932e-12 8.125099999999999767e+00
8.640000000000000000e+02 1.364199999999999983e-12 6.336000000000000298e+00
8.660000000000000000e+02 1.136899999999999932e-12 8.125099999999999767e+00
8.680000000000000000e+02 1.364199999999999983e-12 6.336000000000000298e+00
8.700000000000000000e+02 1.818999999999999822e-12 0.000000000000000000e+00
8.720000000000000000e+02 1.818999999999999822e-12 4.757799999999999585e+00
8.740000000000000000e+02 2.046399999999999843e-12 8.742300000000000182e+00
8.760000000000000000e+02 2.273799999999999863e-12 4.078199999999999825e+00
8.780000000000000000e+02 2.273799999999999863e-12 3.812500000000000000e+00
8.800000000000000000e+02 2.273799999999999863e-12 1.209399999999999942e+01
8.820000000000000000e+02 2.273799999999999863e-12 7.593799999999999883e+00
8.840000000000000000e+02 2.046399999999999843e-12 4.390699999999999825e+00
8.860000000000000000e+02 1.818999999999999822e-12 0.000000000000000000e+00
8.880000000000000000e+02 1.364199999999999983e-12 0.000000000000000000e+00
8.900000000000000000e+02 1.136899999999999932e-12 7.117200000000000415e+00
8.920000000000000000e+02 9.094999999999999111e-13 0.000000000000000000e+00
8.940000000000000000e+02 4.547499999999999556e-13 1.403100000000000058e+01
8.960000000000000000e+02 4.547499999999999556e-13 0.000000000000000000e+00
8.980000000000000000e+02 6.821200000000000258e-13 0.000000000000000000e+00
9.000000000000000000e+02 4.547499999999999556e-13 0.000000000000000000e+00
9.020000000000000000e+02 4.547499999999999556e-13 1.403100000000000058e+01
9.040000000000000000e+02 9.094999999999999111e-13 3.096099999999999852e+01
9.060000000000000000e+02 4.547499999999999556e-13 1.403100000000000058e+01
9.080000000000000000e+02 4.547499999999999556e-13 -3.369599999999999795e+01
9.100000000000000000e+02 4.547499999999999556e-13 0.000000000000000000e+00
9.120000000000000000e+02 9.094999999999999111e-13 3.096099999999999852e+01
9.140000000000000000e+02 1.136899999999999932e-12 2.319500000000000028e+01
9.160000000000000000e+02 6.821200000000000258e-13 2.179700000000000060e+01
9.180000000000000000e+02 9.094999999999999111e-13 -9.468799999999999883e+00
9.200000000000000000e+02 1.136899999999999932e-12 0.000000000000000000e+00
9.220000000000000000e+02 1.136899999999999932e-12 -7.125000000000000000e+00
9.240000000000000000e+02 9.094999999999999111e-13 -9.468799999999999883e+00
9.260000000000000000e+02 1.818999999999999822e-12 0.000000000000000000e+00
9.280000000000000000e+02 1.591600000000000004e-12 -5.718799999999999883e+00
9.300000000000000000e+02 1.818999999999999822e-12 0.000000000000000000e+00
9.320000000000000000e+02 2.046399999999999843e-12 4.390699999999999825e+00
9.340000000000000000e+02 2.046399999999999843e-12 8.742300000000000182e+00
9.360000000000000000e+02 2.273799999999999863e-12 1.594500000000000028e+01
9.380000000000000000e+02 2.273799999999999863e-12 1.130499999999999972e+01
9.400000000000000000e+02 2.273799999999999863e-12 7.593799999999999883e+00
9.420000000000000000e+02 2.955899999999999956e-12 1.551600000000000001e+01
9.440000000000000000e+02 3.183299999999999977e-12 1.130499999999999972e+01
9.460000000000000000e+02 3.637999999999999645e-12 9.859400000000000830e+00
9.480000000000000000e+02 4.320099999999999737e-12 8.742300000000000182e+00
9.500000000000000000e+02 4.320099999999999737e-12 1.049200000000000088e+01
9.520000000000000000e+02 5.002199999999999829e-12 7.343799999999999883e+00
9.540000000000000000e+02 5.229600000000000254e-12 8.875099999999999767e+00
9.560000000000000000e+02 5.456999999999999871e-12 1.030499999999999972e+01
9.580000000000000000e+02 6.139099999999999963e-12 9.203200000000000713e+00
9.600000000000000000e+02 6.821200000000000056e-12 8.320399999999999352e+00
9.620000000000000000e+02 7.503399999999999713e-12 1.007799999999999940e+01
9.640000000000000000e+02 7.958099999999999381e-12 9.461000000000000298e+00
9.660000000000000000e+02 8.640300000000000655e-12 7.523500000000000298e+00
9.680000000000000000e+02 8.867599999999999898e-12 7.382799999999999585e+00
9.700000000000000000e+02 9.549699999999999991e-12 8.968799999999999883e+00
9.720000000000000000e+02 9.777100000000000415e-12 8.671900000000000830e+00
9.740000000000000000e+02 1.045899999999999976e-11 9.898500000000000298e+00
9.760000000000000000e+02 1.091399999999999974e-11 1.045299999999999940e+01
9.780000000000000000e+02 1.136899999999999972e-11 8.359400000000000830e+00
9.800000000000000000e+02 1.182399999999999970e-11 9.718799999999999883e+00
9.820000000000000000e+02 1.182399999999999970e-11 9.718799999999999883e+00
9.840000000000000000e+02 1.205100000000000025e-11 7.117200000000000415e+00
9.860000000000000000e+02 1.182399999999999970e-11 8.921900000000000830e+00
9.880000000000000000e+02 1.136899999999999972e-11 1.082000000000000028e+01
9.900000000000000000e+02 1.045899999999999976e-11 1.078100000000000058e+01
9.920000000000000000e+02 9.777100000000000415e-12 8.812599999999999767e+00
9.940000000000000000e+02 9.095000000000000323e-12 8.429800000000000182e+00
9.960000000000000000e+02 7.958099999999999381e-12 8.125099999999999767e+00
9.980000000000000000e+02 6.821200000000000056e-12 6.953199999999999825e+00
1.000000000000000000e+03 5.684400000000000295e-12 6.515699999999999825e+00
1.002000000000000000e+03 4.774899999999999778e-12 9.773500000000000298e+00
1.004000000000000000e+03 3.865400000000000069e-12 1.225799999999999912e+01
1.006000000000000000e+03 2.955899999999999956e-12 6.007799999999999585e+00
1.008000000000000000e+03 2.273799999999999863e-12 1.594500000000000028e+01
1.010000000000000000e+03 1.818999999999999822e-12 1.525000000000000000e+01
1.012000000000000000e+03 1.591600000000000004e-12 5.711000000000000298e+00
1.014000000000000000e+03 1.136899999999999932e-12 1.403100000000000058e+01
1.016000000000000000e+03 6.821200000000000258e-13 2.179700000000000060e+01
1.018000000000000000e+03 6.821200000000000258e-13 2.179700000000000060e+01
1.020000000000000000e+03 4.547499999999999556e-13 2.655499999999999972e+01
1.022000000000000000e+03 2.273699999999999945e-13 2.655499999999999972e+01
1.024000000000000000e+03 2.273699999999999945e-13 2.655499999999999972e+01
1.026000000000000000e+03 4.547499999999999556e-13 2.655499999999999972e+01
1.028000000000000000e+03 2.273699999999999945e-13 2.655499999999999972e+01
1.030000000000000000e+03 2.273699999999999945e-13 2.655499999999999972e+01
1.032000000000000000e+03 0.000000000000000000e+00 0.000000000000000000e+00
1.034000000000000000e+03 2.273699999999999945e-13 0.000000000000000000e+00
1.036000000000000000e+03 4.547499999999999556e-13 4.499199999999999733e+01
1.038000000000000000e+03 2.273699999999999945e-13 -2.656299999999999883e+01
1.040000000000000000e+03 4.547499999999999556e-13 0.000000000000000000e+00
1.042000000000000000e+03 4.547499999999999556e-13 -5.631300000000000239e+01
1.044000000000000000e+03 0.000000000000000000e+00 4.499199999999999733e+01
1.046000000000000000e+03 4.547499999999999556e-13 -4.500000000000000000e+01
1.048000000000000000e+03 4.547499999999999556e-13 -4.500000000000000000e+01
1.050000000000000000e+03 3.183299999999999977e-12 5.711000000000000298e+00
1.052000000000000000e+03 6.366500000000000388e-12 1.043800000000000061e+01
1.054000000000000000e+03 7.048599999999999672e-12 1.078100000000000058e+01
1.056000000000000000e+03 1.091399999999999974e-11 8.742300000000000182e+00
1.058000000000000000e+03 1.637099999999999961e-11 9.265700000000000713e+00
1.060000000000000000e+03 1.819000000000000065e-11 8.859400000000000830e+00
