8.000000000000000000e+02 2.955899999999999956e-12 9.461000000000000298e+00
8.020000000000000000e+02 1.818999999999999822e-12 2.655499999999999972e+01
8.040000000000000000e+02 1.591600000000000004e-12 5.711000000000000298e+00
8.060000000000000000e+02 2.046399999999999843e-12 0.000000000000000000e+00
8.080000000000000000e+02 2.728499999999999935e-12 3.359399999999999942e+00
8.100000000000000000e+02 4.320099999999999737e-12 4.234399999999999942e+00
8.120000000000000000e+02 7.275999999999999289e-12 6.336000000000000298e+00
8.140000000000000000e+02 1.227800000000000080e-11 7.796899999999999942e+00
8.160000000000000000e+02 1.932699999999999954e-11 8.406299999999999883e+00
8.180000000000000000e+02 2.887700000000000146e-11 8.593799999999999883e+00
8.200000000000000000e+02 3.933600000000000122e-11 8.742300000000000182e+00
8.220000000000000000e+02 4.911299999999999884e-11 9.171900000000000830e+00
8.240000000000000000e+02 5.434200000000000089e-11 8.968799999999999883e+00
8.260000000000000000e+02 5.479700000000000087e-11 9.226599999999999469e+00
8.280000000000000000e+02 5.093200000000000310e-11 9.586000000000000298e+00
8.300000000000000000e+02 4.297399999999999682e-11 9.609400000000000830e+00
8.320000000000000000e+02 3.387900000000000135e-11 9.320399999999999352e+00
8.340000000000000000e+02 2.546600000000000155e-11 8.234400000000000830e+00
8.360000000000000000e+02 1.864500000000000063e-11 8.195399999999999352e+00
8.380000000000000000e+02 1.295999999999999971e-11 1.030499999999999972e+01
8.400000000000000000e+02 8.640300000000000655e-12 8.742300000000000182e+00
8.420000000000000000e+02 6.139099999999999963e-12 9.203200000000000713e+00
8.440000000000000000e+02 4.320099999999999737e-12 1.506300000000000061e+01
8.460000000000000000e+02 2.728499999999999935e-12 1.323399999999999999e+01
8.480000000000000000e+02 1.818999999999999822e-12 1.403100000000000058e+01
8.500000000000000000e+02 1.591600000000000004e-12 0.000000000000000000e+00
8.520000000000000000e+02 1.364199999999999983e-12 1.252399999999999913e+01
8.540000000000000000e+02 9.094999999999999111e-13 9.461000000000000298e+00
8.560000000000000000e+02 6.821200000000000258e-13 2.179700000000000060e+01
8.580000000000000000e+02 4.547499999999999556e-13 2.655499999999999972e+01
8.600000000000000000e+02 4.547499999999999556e-13 4.499199999999999733e+01
8.620000000000000000e+02 0.000000000000000000e+00 -4.500000000000000000e+01
8.640000000000000000e+02 0.000000000000000000e+00 4.499199999999999733e+01
8.660000000000000000e+02 0.000000000000000000e+00 -9.000100000000000477e+01
8.680000000000000000e+02 2.273699999999999945e-13 -6.343800000000000239e+01
8.700000000000000000e+02 0.000000000000000000e+00 4.499199999999999733e+01
8.720000000000000000e+02 4.547499999999999556e-13 1.842999999999999972e+01
8.740000000000000000e+02 4.547499999999999556e-13 0.000000000000000000e+00
8.760000000000000000e+02 6.821200000000000258e-13 2.179700000000000060e+01
8.780000000000000000e+02 4.547499999999999556e-13 0.000000000000000000e+00
8.800000000000000000e+02 6.821200000000000258e-13 2.179700000000000060e+01
8.820000000000000000e+02 6.821200000000000258e-13 3.686699999999999733e+01
8.840000000000000000e+02 2.273699999999999945e-13 2.655499999999999972e+01
8.860000000000000000e+02 1.136899999999999932e-12 0.000000000000000000e+00
8.880000000000000000e+02 1.136899999999999932e-12 1.403100000000000058e+01
8.900000000000000000e+02 1.364199999999999983e-12 1.252399999999999913e+01
8.920000000000000000e+02 2.046399999999999843e-12 0.000000000000000000e+00
8.940000000000000000e+02 3.637999999999999645e-12 2.484399999999999942e+00
8.960000000000000000e+02 5.911700000000000346e-12 7.906299999999999883e+00
8.980000000000000000e+02 9.322400000000000747e-12 1.030499999999999972e+01
9.000000000000000000e+02 1.364200000000000023e-11 1.049200000000000088e+01
9.020000000000000000e+02 2.046399999999999843e-11 8.773500000000000298e+00
9.040000000000000000e+02 3.114999999999999712e-11 8.296900000000000830e+00
9.060000000000000000e+02 4.593000000000000321e-11 8.742300000000000182e+00
9.080000000000000000e+02 6.730300000000000271e-11 9.226599999999999469e+00
9.100000000000000000e+02 9.708900000000000201e-11 9.281299999999999883e+00
9.120000000000000000e+02 1.366499999999999882e-10 9.250099999999999767e+00
9.140000000000000000e+02 1.868999999999999957e-10 9.226599999999999469e+00
9.160000000000000000e+02 2.485199999999999855e-10 9.179800000000000182e+00
9.180000000000000000e+02 3.185500000000000012e-10 9.117300000000000182e+00
9.200000000000000000e+02 3.924500000000000251e-10 9.179800000000000182e+00
9.220000000000000000e+02 4.624799999999999891e-10 9.093799999999999883e+00
9.240000000000000000e+02 5.197800000000000393e-10 9.070399999999999352e+00
9.260000000000000000e+02 5.547999999999999867e-10 9.046900000000000830e+00
9.280000000000000000e+02 5.641200000000000124e-10 8.929800000000000182e+00
9.300000000000000000e+02 5.441099999999999957e-10 8.906299999999999883e+00
9.320000000000000000e+02 5.002300000000000397e-10 8.812599999999999767e+00
9.340000000000000000e+02 4.388300000000000242e-10 8.664099999999999469e+00
9.360000000000000000e+02 3.710800000000000255e-10 8.648500000000000298e+00
9.380000000000000000e+02 3.044600000000000012e-10 8.554800000000000182e+00
9.400000000000000000e+02 2.446600000000000113e-10 8.531299999999999883e+00
9.420000000000000000e+02 1.964500000000000040e-10 8.390700000000000713e+00
9.440000000000000000e+02 1.577999999999999876e-10 8.195399999999999352e+00
9.460000000000000000e+02 1.286899999999999971e-10 8.179800000000000182e+00
9.480000000000000000e+02 1.073199999999999975e-10 8.289099999999999469e+00
9.500000000000000000e+02 9.095000000000000646e-11 8.406299999999999883e+00
9.520000000000000000e+02 7.935399999999999811e-11 8.195399999999999352e+00
9.540000000000000000e+02 7.025900000000000264e-11 8.164099999999999469e+00
9.560000000000000000e+02 6.298299999999999850e-11 8.359400000000000830e+00
9.580000000000000000e+02 5.729800000000000081e-11 8.171900000000000830e+00
9.600000000000000000e+02 5.161399999999999878e-11 8.703200000000000713e+00
9.620000000000000000e+02 4.729400000000000103e-11 8.468799999999999883e+00
9.640000000000000000e+02 4.297399999999999682e-11 8.687599999999999767e+00
9.660000000000000000e+02 3.888100000000000124e-11 8.336000000000000298e+00
9.680000000000000000e+02 3.524299999999999917e-11 9.234400000000000830e+00
9.700000000000000000e+02 3.160499999999999710e-11 8.429800000000000182e+00
9.720000000000000000e+02 2.819400000000000043e-11 8.789099999999999469e+00
9.740000000000000000e+02 2.523899999999999939e-11 8.343799999999999883e+00
9.760000000000000000e+02 2.228299999999999946e-11 8.062599999999999767e+00
9.780000000000000000e+02 2.000899999999999845e-11 7.593799999999999883e+00
9.800000000000000000e+02 1.773500000000000067e-11 8.046900000000000830e+00
9.820000000000000000e+02 1.546199999999999854e-11 7.343799999999999883e+00
9.840000000000000000e+02 1.364200000000000023e-11 9.117300000000000182e+00
9.860000000000000000e+02 1.159600000000000027e-11 8.242300000000000182e+00
9.880000000000000000e+02 1.045899999999999976e-11 8.125099999999999767e+00
9.900000000000000000e+02 8.640300000000000655e-12 9.820399999999999352e+00
9.920000000000000000e+02 7.958099999999999381e-12 8.296900000000000830e+00
9.940000000000000000e+02 6.821200000000000056e-12 9.687599999999999767e+00
9.960000000000000000e+02 6.139099999999999963e-12 8.968799999999999883e+00
9.980000000000000000e+02 5.456999999999999871e-12 8.359400000000000830e+00
1.000000000000000000e+03 4.774899999999999778e-12 9.461000000000000298e+00
1.002000000000000000e+03 4.320099999999999737e-12 1.088299999999999912e+01
1.004000000000000000e+03 3.637999999999999645e-12 7.757799999999999585e+00
1.006000000000000000e+03 3.637999999999999645e-12 2.601599999999999913e+00
1.008000000000000000e+03 3.183299999999999977e-12 2.859399999999999942e+00
1.010000000000000000e+03 2.501099999999999915e-12 1.061700000000000088e+01
1.012000000000000000e+03 2.728499999999999935e-12 1.323399999999999999e+01
1.014000000000000000e+03 2.273799999999999863e-12 1.594500000000000028e+01
1.016000000000000000e+03 2.046399999999999843e-12 8.742300000000000182e+00
1.018000000000000000e+03 2.273799999999999863e-12 8.125099999999999767e+00
1.020000000000000000e+03 2.273799999999999863e-12 1.209399999999999942e+01
1.022000000000000000e+03 1.818999999999999822e-12 1.997700000000000031e+01
1.024000000000000000e+03 1.818999999999999822e-12 5.195299999999999585e+00
1.026000000000000000e+03 1.591600000000000004e-12 2.396099999999999852e+01
1.028000000000000000e+03 1.136899999999999932e-12 1.594500000000000028e+01
1.030000000000000000e+03 1.136899999999999932e-12 0.000000000000000000e+00
1.032000000000000000e+03 1.364199999999999983e-12 1.252399999999999913e+01
1.034000000000000000e+03 1.136899999999999932e-12 8.125099999999999767e+00
1.036000000000000000e+03 1.136899999999999932e-12 -1.595299999999999940e+01
1.038000000000000000e+03 1.136899999999999932e-12 7.117200000000000415e+00
1.040000000000000000e+03 1.136899999999999932e-12 0.000000000000000000e+00
1.042000000000000000e+03 1.136899999999999932e-12 7.117200000000000415e+00
1.044000000000000000e+03 1.136899999999999932e-12 1.403100000000000058e+01
1.046000000000000000e+03 1.136899999999999932e-12 2.655499999999999972e+01
1.048000000000000000e+03 9.094999999999999111e-13 9.461000000000000298e+00
1.050000000000000000e+03 7.275999999999999289e-12 1.181300000000000061e+01
1.052000000000000000e+03 1.182399999999999970e-11 1.364899999999999913e+01
1.054000000000000000e+03 1.205100000000000025e-11 1.346100000000000030e+01
1.056000000000000000e+03 2.046399999999999843e-11 1.175799999999999912e+01
1.058000000000000000e+03 2.410200000000000050e-11 1.114899999999999913e+01
1.060000000000000000e+03 2.296500000000000161e-11 1.342200000000000060e+01
