8.000000000000000000e+02 5.229600000000000254e-12 8.875099999999999767e+00
8.020000000000000000e+02 2.728499999999999935e-12 6.703199999999999825e+00
8.040000000000000000e+02 1.818999999999999822e-12 1.030499999999999972e+01
8.060000000000000000e+02 2.046399999999999843e-12 1.299200000000000088e+01
8.080000000000000000e+02 2.955899999999999956e-12 6.007799999999999585e+00
8.100000000000000000e+02 6.366500000000000388e-12 1.188299999999999912e+01
8.120000000000000000e+02 1.295999999999999971e-11 8.125099999999999767e+00
8.140000000000000000e+02 2.432899999999999943e-11 9.070399999999999352e+00
8.160000000000000000e+02 4.092700000000000120e-11 9.117300000000000182e+00
8.180000000000000000e+02 5.980000000000000288e-11 9.304800000000000182e+00
8.200000000000000000e+02 7.503399999999999390e-11 9.187599999999999767e+00
8.220000000000000000e+02 8.230999999999999804e-11 9.078200000000000713e+00
8.240000000000000000e+02 8.026300000000000242e-11 9.304800000000000182e+00
8.260000000000000000e+02 7.207799999999999398e-11 9.437599999999999767e+00
8.280000000000000000e+02 6.025399999999999428e-11 9.070399999999999352e+00
8.300000000000000000e+02 4.752100000000000320e-11 9.257899999999999352e+00
8.320000000000000000e+02 3.478799999999999919e-11 9.101599999999999469e+00
8.340000000000000000e+02 2.523899999999999939e-11 9.461000000000000298e+00
8.360000000000000000e+02 1.750799999999999850e-11 9.820399999999999352e+00
8.380000000000000000e+02 1.182399999999999970e-11 1.114899999999999913e+01
8.400000000000000000e+02 7.958099999999999381e-12 1.061700000000000088e+01
8.420000000000000000e+02 5.456999999999999871e-12 1.030499999999999972e+01
8.440000000000000000e+02 3.637999999999999645e-12 4.961000000000000298e+00
8.460000000000000000e+02 2.955899999999999956e-12 1.252399999999999913e+01
8.480000000000000000e+02 2.273799999999999863e-12 4.078199999999999825e+00
8.500000000000000000e+02 1.591600000000000004e-12 1.669500000000000028e+01
8.520000000000000000e+02 9.094999999999999111e-13 1.842999999999999972e+01
8.540000000000000000e+02 1.136899999999999932e-12 2.655499999999999972e+01
8.560000000000000000e+02 9.094999999999999111e-13 9.461000000000000298e+00
8.580000000000000000e+02 6.821200000000000258e-13 1.130499999999999972e+01
8.600000000000000000e+02 4.547499999999999556e-13 2.655499999999999972e+01
8.620000000000000000e+02 4.547499999999999556e-13 4.499199999999999733e+01
8.640000000000000000e+02 4.547499999999999556e-13 3.368800000000000239e+01
8.660000000000000000e+02 4.547499999999999556e-13 4.499199999999999733e+01
8.680000000000000000e+02 4.547499999999999556e-13 7.156300000000000239e+01
8.700000000000000000e+02 2.273699999999999945e-13 2.655499999999999972e+01
8.720000000000000000e+02 0.000000000000000000e+00 4.499199999999999733e+01
8.740000000000000000e+02 2.273699999999999945e-13 -2.656299999999999883e+01
8.760000000000000000e+02 4.547499999999999556e-13 3.368800000000000239e+01
8.780000000000000000e+02 2.273699999999999945e-13 0.000000000000000000e+00
8.800000000000000000e+02 2.273699999999999945e-13 0.000000000000000000e+00
8.820000000000000000e+02 4.547499999999999556e-13 0.000000000000000000e+00
8.840000000000000000e+02 6.821200000000000258e-13 0.000000000000000000e+00
8.860000000000000000e+02 1.136899999999999932e-12 0.000000000000000000e+00
8.880000000000000000e+02 1.136899999999999932e-12 1.403100000000000058e+01
8.900000000000000000e+02 1.591600000000000004e-12 1.669500000000000028e+01
8.920000000000000000e+02 2.273799999999999863e-12 2.103099999999999881e+01
8.940000000000000000e+02 3.637999999999999645e-12 1.279700000000000060e+01
8.960000000000000000e+02 5.911700000000000346e-12 9.718799999999999883e+00
8.980000000000000000e+02 9.549699999999999991e-12 8.968799999999999883e+00
9.000000000000000000e+02 1.568900000000000070e-11 8.468799999999999883e+00
9.020000000000000000e+02 2.592100000000000153e-11 1.036700000000000088e+01
9.040000000000000000e+02 4.160999999999999900e-11 9.875099999999999767e+00
9.060000000000000000e+02 6.548399999999999845e-11 9.937599999999999767e+00
9.080000000000000000e+02 1.023200000000000018e-10 9.640700000000000713e+00
9.100000000000000000e+02 1.557500000000000050e-10 9.476599999999999469e+00
9.120000000000000000e+02 2.287400000000000032e-10 9.382899999999999352e+00
9.140000000000000000e+02 3.242400000000000094e-10 9.367300000000000182e+00
9.160000000000000000e+02 4.404299999999999980e-10 9.296900000000000830e+00
9.180000000000000000e+02 5.709399999999999950e-10 9.250099999999999767e+00
9.200000000000000000e+02 7.016800000000000006e-10 9.234400000000000830e+00
9.220000000000000000e+02 8.165000000000000239e-10 9.148500000000000298e+00
9.240000000000000000e+02 8.958600000000000476e-10 9.031299999999999883e+00
9.260000000000000000e+02 9.299599999999999609e-10 8.859400000000000830e+00
9.280000000000000000e+02 9.085899999999999612e-10 8.812599999999999767e+00
9.300000000000000000e+02 8.424199999999999716e-10 8.664099999999999469e+00
9.320000000000000000e+02 7.428300000000000084e-10 8.484400000000000830e+00
9.340000000000000000e+02 6.275599999999999505e-10 8.375099999999999767e+00
9.360000000000000000e+02 5.150099999999999617e-10 8.250099999999999767e+00
9.380000000000000000e+02 4.151899999999999900e-10 8.234400000000000830e+00
9.400000000000000000e+02 3.344699999999999834e-10 8.242300000000000182e+00
9.420000000000000000e+02 2.721700000000000021e-10 8.015700000000000713e+00
9.440000000000000000e+02 2.255599999999999945e-10 8.148500000000000298e+00
9.460000000000000000e+02 1.930400000000000127e-10 8.086000000000000298e+00
9.480000000000000000e+02 1.678000000000000047e-10 8.156299999999999883e+00
9.500000000000000000e+02 1.496099999999999879e-10 8.250099999999999767e+00
9.520000000000000000e+02 1.348299999999999883e-10 8.375099999999999767e+00
9.540000000000000000e+02 1.223300000000000056e-10 8.226599999999999469e+00
9.560000000000000000e+02 1.118699999999999973e-10 8.296900000000000830e+00
9.580000000000000000e+02 1.016399999999999975e-10 8.179800000000000182e+00
9.600000000000000000e+02 9.276899999999999780e-11 8.039099999999999469e+00
9.620000000000000000e+02 8.435599999999999801e-11 8.046900000000000830e+00
9.640000000000000000e+02 7.617100000000000249e-11 8.164099999999999469e+00
9.660000000000000000e+02 6.843999999999999837e-11 8.242300000000000182e+00
9.680000000000000000e+02 6.116399999999999424e-11 8.304800000000000182e+00
9.700000000000000000e+02 5.411499999999999873e-11 7.953199999999999825e+00
9.720000000000000000e+02 4.797600000000000318e-11 8.351599999999999469e+00
9.740000000000000000e+02 4.229200000000000114e-11 8.570399999999999352e+00
9.760000000000000000e+02 3.706199999999999697e-11 8.781299999999999883e+00
9.780000000000000000e+02 3.183199999999999926e-11 8.671900000000000830e+00
9.800000000000000000e+02 2.819400000000000043e-11 8.461000000000000298e+00
9.820000000000000000e+02 2.455600000000000159e-11 8.179800000000000182e+00
9.840000000000000000e+02 2.091899999999999841e-11 8.195399999999999352e+00
9.860000000000000000e+02 1.841699999999999958e-11 7.757799999999999585e+00
9.880000000000000000e+02 1.546199999999999854e-11 9.156299999999999883e+00
9.900000000000000000e+02 1.341499999999999969e-11 7.828199999999999825e+00
9.920000000000000000e+02 1.182399999999999970e-11 9.586000000000000298e+00
9.940000000000000000e+02 1.000399999999999978e-11 1.039100000000000001e+01
9.960000000000000000e+02 8.640300000000000655e-12 7.523500000000000298e+00
9.980000000000000000e+02 7.730800000000000138e-12 6.070299999999999585e+00
1.000000000000000000e+03 6.821200000000000056e-12 6.789100000000000357e+00
1.002000000000000000e+03 6.139099999999999963e-12 6.007799999999999585e+00
1.004000000000000000e+03 5.456999999999999871e-12 1.061700000000000088e+01
1.006000000000000000e+03 5.229600000000000254e-12 8.875099999999999767e+00
1.008000000000000000e+03 4.774899999999999778e-12 1.209399999999999942e+01
1.010000000000000000e+03 3.637999999999999645e-12 4.961000000000000298e+00
1.012000000000000000e+03 3.637999999999999645e-12 5.195299999999999585e+00
1.014000000000000000e+03 3.183299999999999977e-12 5.711000000000000298e+00
1.016000000000000000e+03 2.501099999999999915e-12 1.061700000000000088e+01
1.018000000000000000e+03 2.955899999999999956e-12 9.461000000000000298e+00
1.020000000000000000e+03 2.501099999999999915e-12 1.492999999999999972e+01
1.022000000000000000e+03 2.273799999999999863e-12 1.209399999999999942e+01
1.024000000000000000e+03 2.273799999999999863e-12 1.964900000000000091e+01
1.026000000000000000e+03 2.273799999999999863e-12 1.709400000000000119e+01
1.028000000000000000e+03 1.818999999999999822e-12 1.997700000000000031e+01
1.030000000000000000e+03 1.818999999999999822e-12 0.000000000000000000e+00
1.032000000000000000e+03 1.818999999999999822e-12 1.403100000000000058e+01
1.034000000000000000e+03 1.818999999999999822e-12 1.525000000000000000e+01
1.036000000000000000e+03 1.818999999999999822e-12 5.195299999999999585e+00
1.038000000000000000e+03 1.136899999999999932e-12 1.403100000000000058e+01
1.040000000000000000e+03 1.136899999999999932e-12 7.117200000000000415e+00
1.042000000000000000e+03 1.364199999999999983e-12 1.252399999999999913e+01
1.044000000000000000e+03 1.136899999999999932e-12 8.125099999999999767e+00
1.046000000000000000e+03 1.364199999999999983e-12 2.055499999999999972e+01
1.048000000000000000e+03 1.136899999999999932e-12 1.403100000000000058e+01
1.050000000000000000e+03 6.139099999999999963e-12 3.007800000000000029e+00
1.052000000000000000e+03 1.000399999999999978e-11 4.679700000000000415e+00
1.054000000000000000e+03 1.114100000000000029e-11 6.804700000000000415e+00
1.056000000000000000e+03 1.887199999999999956e-11 8.054800000000000182e+00
1.058000000000000000e+03 2.364700000000000052e-11 9.328200000000000713e+00
1.060000000000000000e+03 2.228299999999999946e-11 1.030499999999999972e+01
