8.000000000000000000e+02 4.774899999999999778e-12 7.851600000000000357e+00
8.020000000000000000e+02 2.955899999999999956e-12 1.639099999999999824e+01
8.040000000000000000e+02 1.818999999999999822e-12 2.443799999999999883e+01
8.060000000000000000e+02 1.818999999999999822e-12 1.525000000000000000e+01
8.080000000000000000e+02 3.183299999999999977e-12 1.752400000000000091e+01
8.100000000000000000e+02 5.911700000000000346e-12 9.461000000000000298e+00
8.120000000000000000e+02 1.091399999999999974e-11 1.130499999999999972e+01
8.140000000000000000e+02 1.978199999999999952e-11 1.008600000000000030e+01
8.160000000000000000e+02 3.319699999999999920e-11 9.789099999999999469e+00
8.180000000000000000e+02 4.911299999999999884e-11 9.742300000000000182e+00
8.200000000000000000e+02 6.343799999999999848e-11 9.828200000000000713e+00
8.220000000000000000e+02 7.185000000000000262e-11 9.461000000000000298e+00
8.240000000000000000e+02 7.253299999999999396e-11 9.914099999999999469e+00
8.260000000000000000e+02 6.662099999999999411e-11 9.921900000000000830e+00
8.280000000000000000e+02 5.684400000000000295e-11 9.765700000000000713e+00
8.300000000000000000e+02 4.547500000000000323e-11 9.695399999999999352e+00
8.320000000000000000e+02 3.433400000000000133e-11 9.179800000000000182e+00
8.340000000000000000e+02 2.455600000000000159e-11 9.718799999999999883e+00
8.360000000000000000e+02 1.682599999999999959e-11 9.554800000000000182e+00
8.380000000000000000e+02 1.227800000000000080e-11 9.328200000000000713e+00
8.400000000000000000e+02 7.958099999999999381e-12 1.061700000000000088e+01
8.420000000000000000e+02 5.229600000000000254e-12 1.095299999999999940e+01
8.440000000000000000e+02 3.865400000000000069e-12 9.461000000000000298e+00
8.460000000000000000e+02 3.183299999999999977e-12 5.711000000000000298e+00
8.480000000000000000e+02 2.046399999999999843e-12 1.299200000000000088e+01
8.500000000000000000e+02 1.136899999999999932e-12 1.403100000000000058e+01
8.520000000000000000e+02 1.136899999999999932e-12 1.403100000000000058e+01
8.540000000000000000e+02 6.821200000000000258e-13 1.130499999999999972e+01
8.560000000000000000e+02 4.547499999999999556e-13 1.403100000000000058e+01
8.580000000000000000e+02 4.547499999999999556e-13 0.000000000000000000e+00
8.600000000000000000e+02 4.547499999999999556e-13 0.000000000000000000e+00
8.620000000000000000e+02 0.000000000000000000e+00 0.000000000000000000e+00
8.640000000000000000e+02 2.273699999999999945e-13 -2.656299999999999883e+01
8.660000000000000000e+02 2.273699999999999945e-13 0.000000000000000000e+00
8.680000000000000000e+02 2.273699999999999945e-13 -2.656299999999999883e+01
8.700000000000000000e+02 2.273699999999999945e-13 6.342999999999999972e+01
8.720000000000000000e+02 0.000000000000000000e+00 0.000000000000000000e+00
8.740000000000000000e+02 2.273699999999999945e-13 -2.656299999999999883e+01
8.760000000000000000e+02 4.547499999999999556e-13 1.403100000000000058e+01
8.780000000000000000e+02 2.273699999999999945e-13 -2.656299999999999883e+01
8.800000000000000000e+02 4.547499999999999556e-13 0.000000000000000000e+00
8.820000000000000000e+02 6.821200000000000258e-13 1.130499999999999972e+01
8.840000000000000000e+02 1.136899999999999932e-12 2.655499999999999972e+01
8.860000000000000000e+02 6.821200000000000258e-13 2.179700000000000060e+01
8.880000000000000000e+02 1.136899999999999932e-12 1.594500000000000028e+01
8.900000000000000000e+02 1.818999999999999822e-12 1.525000000000000000e+01
8.920000000000000000e+02 2.728499999999999935e-12 6.703199999999999825e+00
8.940000000000000000e+02 3.637999999999999645e-12 1.339100000000000001e+01
8.960000000000000000e+02 5.684400000000000295e-12 1.000000000000000000e+01
8.980000000000000000e+02 9.322400000000000747e-12 7.117200000000000415e+00
9.000000000000000000e+02 1.546199999999999854e-11 7.343799999999999883e+00
9.020000000000000000e+02 2.478399999999999941e-11 8.507899999999999352e+00
9.040000000000000000e+02 3.956299999999999692e-11 9.179800000000000182e+00
9.060000000000000000e+02 6.207399999999999420e-11 9.101599999999999469e+00
9.080000000000000000e+02 9.526999999999999775e-11 8.734400000000000830e+00
9.100000000000000000e+02 1.434699999999999967e-10 8.945399999999999352e+00
9.120000000000000000e+02 2.089599999999999950e-10 8.976599999999999469e+00
9.140000000000000000e+02 2.944500000000000017e-10 9.101599999999999469e+00
9.160000000000000000e+02 3.981299999999999993e-10 9.046900000000000830e+00
9.180000000000000000e+02 5.140900000000000311e-10 9.117300000000000182e+00
9.200000000000000000e+02 6.302800000000000197e-10 9.203200000000000713e+00
9.220000000000000000e+02 7.332799999999999742e-10 9.203200000000000713e+00
9.240000000000000000e+02 8.060400000000000414e-10 9.226599999999999469e+00
9.260000000000000000e+02 8.358299999999999974e-10 9.289099999999999469e+00
9.280000000000000000e+02 8.192299999999999720e-10 9.359400000000000830e+00
9.300000000000000000e+02 7.587499999999999906e-10 9.375099999999999767e+00
9.320000000000000000e+02 6.687099999999999583e-10 9.312599999999999767e+00
9.340000000000000000e+02 5.647999999999999521e-10 9.250099999999999767e+00
9.360000000000000000e+02 4.624799999999999891e-10 9.203200000000000713e+00
9.380000000000000000e+02 3.717600000000000170e-10 9.148500000000000298e+00
9.400000000000000000e+02 2.976299999999999845e-10 9.179800000000000182e+00
9.420000000000000000e+02 2.396499999999999944e-10 9.195399999999999352e+00
9.440000000000000000e+02 1.971299999999999955e-10 9.140700000000000713e+00
9.460000000000000000e+02 1.664399999999999960e-10 9.031299999999999883e+00
9.480000000000000000e+02 1.443799999999999967e-10 8.961000000000000298e+00
9.500000000000000000e+02 1.280100000000000057e-10 9.203200000000000713e+00
9.520000000000000000e+02 1.148199999999999974e-10 9.093799999999999883e+00
9.540000000000000000e+02 1.041400000000000018e-10 9.109400000000000830e+00
9.560000000000000000e+02 9.504300000000000205e-11 9.062599999999999767e+00
9.580000000000000000e+02 8.663000000000000225e-11 9.171900000000000830e+00
9.600000000000000000e+02 7.889899999999999813e-11 9.101599999999999469e+00
9.620000000000000000e+02 7.185000000000000262e-11 9.195399999999999352e+00
9.640000000000000000e+02 6.457499999999999414e-11 9.195399999999999352e+00
9.660000000000000000e+02 5.843500000000000294e-11 9.187599999999999767e+00
9.680000000000000000e+02 5.229600000000000092e-11 9.304800000000000182e+00
9.700000000000000000e+02 4.661199999999999889e-11 9.226599999999999469e+00
9.720000000000000000e+02 4.115499999999999902e-11 9.539099999999999469e+00
9.740000000000000000e+02 3.615299999999999913e-11 8.984400000000000830e+00
9.760000000000000000e+02 3.137800000000000140e-11 9.109400000000000830e+00
9.780000000000000000e+02 2.728499999999999935e-11 9.742300000000000182e+00
9.800000000000000000e+02 2.364700000000000052e-11 8.921900000000000830e+00
9.820000000000000000e+02 2.069100000000000059e-11 8.257899999999999352e+00
9.840000000000000000e+02 1.796299999999999848e-11 8.429800000000000182e+00
9.860000000000000000e+02 1.546199999999999854e-11 9.757899999999999352e+00
9.880000000000000000e+02 1.364200000000000023e-11 1.049200000000000088e+01
9.900000000000000000e+02 1.159600000000000027e-11 9.859400000000000830e+00
9.920000000000000000e+02 1.000399999999999978e-11 8.531299999999999883e+00
9.940000000000000000e+02 9.095000000000000323e-12 8.429800000000000182e+00
9.960000000000000000e+02 8.185499999999999806e-12 1.040600000000000058e+01
9.980000000000000000e+02 6.593900000000000004e-12 8.531299999999999883e+00
1.000000000000000000e+03 6.139099999999999963e-12 7.695299999999999585e+00
1.002000000000000000e+03 5.456999999999999871e-12 8.359400000000000830e+00
1.004000000000000000e+03 4.547500000000000161e-12 8.125099999999999767e+00
1.006000000000000000e+03 4.092700000000000120e-12 6.836000000000000298e+00
1.008000000000000000e+03 3.637999999999999645e-12 9.859400000000000830e+00
1.010000000000000000e+03 2.955899999999999956e-12 1.551600000000000001e+01
1.012000000000000000e+03 2.728499999999999935e-12 1.000000000000000000e+01
1.014000000000000000e+03 2.273799999999999863e-12 1.130499999999999972e+01
1.016000000000000000e+03 2.501099999999999915e-12 3.570300000000000029e+00
1.018000000000000000e+03 2.046399999999999843e-12 4.390699999999999825e+00
1.020000000000000000e+03 2.273799999999999863e-12 8.125099999999999767e+00
1.022000000000000000e+03 2.273799999999999863e-12 0.000000000000000000e+00
1.024000000000000000e+03 1.818999999999999822e-12 1.030499999999999972e+01
1.026000000000000000e+03 1.818999999999999822e-12 1.525000000000000000e+01
1.028000000000000000e+03 1.364199999999999983e-12 0.000000000000000000e+00
1.030000000000000000e+03 1.591600000000000004e-12 0.000000000000000000e+00
1.032000000000000000e+03 1.364199999999999983e-12 1.252399999999999913e+01
1.034000000000000000e+03 1.591600000000000004e-12 5.711000000000000298e+00
1.036000000000000000e+03 1.818999999999999822e-12 5.195299999999999585e+00
1.038000000000000000e+03 1.591600000000000004e-12 1.130499999999999972e+01
1.040000000000000000e+03 1.136899999999999932e-12 8.125099999999999767e+00
1.042000000000000000e+03 1.136899999999999932e-12 1.403100000000000058e+01
1.044000000000000000e+03 1.364199999999999983e-12 0.000000000000000000e+00
1.046000000000000000e+03 1.136899999999999932e-12 8.125099999999999767e+00
1.048000000000000000e+03 1.364199999999999983e-12 1.252399999999999913e+01
1.050000000000000000e+03 5.684400000000000295e-12 3.265600000000000058e+00
1.052000000000000000e+03 9.777100000000000415e-12 5.804700000000000415e+00
1.054000000000000000e+03 1.136899999999999972e-11 6.609399999999999942e+00
1.056000000000000000e+03 2.000899999999999845e-11 7.593799999999999883e+00
1.058000000000000000e+03 2.546600000000000155e-11 8.289099999999999469e+00
1.060000000000000000e+03 2.364700000000000052e-11 8.921900000000000830e+00
