8.000000000000000000e+02 1.818999999999999822e-12 4.757799999999999585e+00
8.020000000000000000e+02 1.136899999999999932e-12 -8.132899999999999352e+00
8.040000000000000000e+02 6.821200000000000258e-13 -3.687500000000000000e+01
8.060000000000000000e+02 4.547499999999999556e-13 1.842999999999999972e+01
8.080000000000000000e+02 4.547499999999999556e-13 0.000000000000000000e+00
8.100000000000000000e+02 4.547499999999999556e-13 3.368800000000000239e+01
8.120000000000000000e+02 4.547499999999999556e-13 0.000000000000000000e+00
8.140000000000000000e+02 6.821200000000000258e-13 -2.180499999999999972e+01
8.160000000000000000e+02 1.136899999999999932e-12 0.000000000000000000e+00
8.180000000000000000e+02 1.364199999999999983e-12 1.252399999999999913e+01
8.200000000000000000e+02 1.591600000000000004e-12 0.000000000000000000e+00
8.220000000000000000e+02 2.501099999999999915e-12 7.117200000000000415e+00
8.240000000000000000e+02 2.955899999999999956e-12 6.007799999999999585e+00
8.260000000000000000e+02 4.092700000000000120e-12 4.570299999999999585e+00
8.280000000000000000e+02 4.774899999999999778e-12 7.593799999999999883e+00
8.300000000000000000e+02 6.139099999999999963e-12 1.071100000000000030e+01
8.320000000000000000e+02 7.958099999999999381e-12 1.061700000000000088e+01
8.340000000000000000e+02 9.549699999999999991e-12 1.091399999999999970e+01
8.360000000000000000e+02 1.091399999999999974e-11 1.045299999999999940e+01
8.380000000000000000e+02 1.227800000000000080e-11 1.071100000000000030e+01
8.400000000000000000e+02 1.341499999999999969e-11 9.921900000000000830e+00
8.420000000000000000e+02 1.364200000000000023e-11 1.130499999999999972e+01
8.440000000000000000e+02 1.273300000000000078e-11 9.703200000000000713e+00
8.460000000000000000e+02 1.114100000000000029e-11 1.014899999999999913e+01
8.480000000000000000e+02 9.549699999999999991e-12 1.091399999999999970e+01
8.500000000000000000e+02 7.503399999999999713e-12 1.007799999999999940e+01
8.520000000000000000e+02 5.684400000000000295e-12 1.000000000000000000e+01
8.540000000000000000e+02 4.092700000000000120e-12 1.130499999999999972e+01
8.560000000000000000e+02 3.410600000000000028e-12 1.078100000000000058e+01
8.580000000000000000e+02 2.273799999999999863e-12 8.125099999999999767e+00
8.600000000000000000e+02 1.364199999999999983e-12 1.252399999999999913e+01
8.620000000000000000e+02 1.136899999999999932e-12 0.000000000000000000e+00
8.640000000000000000e+02 1.136899999999999932e-12 -8.132899999999999352e+00
8.660000000000000000e+02 6.821200000000000258e-13 -2.180499999999999972e+01
8.680000000000000000e+02 4.547499999999999556e-13 0.000000000000000000e+00
8.700000000000000000e+02 4.547499999999999556e-13 0.000000000000000000e+00
8.720000000000000000e+02 6.821200000000000258e-13 2.179700000000000060e+01
8.740000000000000000e+02 4.547499999999999556e-13 -1.843799999999999883e+01
8.760000000000000000e+02 6.821200000000000258e-13 -1.131300000000000061e+01
8.780000000000000000e+02 4.547499999999999556e-13 1.842999999999999972e+01
8.800000000000000000e+02 6.821200000000000258e-13 3.686699999999999733e+01
8.820000000000000000e+02 4.547499999999999556e-13 1.403100000000000058e+01
8.840000000000000000e+02 4.547499999999999556e-13 0.000000000000000000e+00
8.860000000000000000e+02 6.821200000000000258e-13 -2.180499999999999972e+01
8.880000000000000000e+02 9.094999999999999111e-13 9.461000000000000298e+00
8.900000000000000000e+02 1.136899999999999932e-12 0.000000000000000000e+00
8.920000000000000000e+02 1.364199999999999983e-12 1.252399999999999913e+01
8.940000000000000000e+02 2.046399999999999843e-12 8.742300000000000182e+00
8.960000000000000000e+02 2.273799999999999863e-12 8.125099999999999767e+00
8.980000000000000000e+02 2.728499999999999935e-12 3.359399999999999942e+00
9.000000000000000000e+02 3.410600000000000028e-12 8.125099999999999767e+00
9.020000000000000000e+02 4.320099999999999737e-12 4.390699999999999825e+00
9.040000000000000000e+02 4.774899999999999778e-12 9.773500000000000298e+00
9.060000000000000000e+02 6.139099999999999963e-12 6.164100000000000357e+00
9.080000000000000000e+02 7.958099999999999381e-12 8.468799999999999883e+00
9.100000000000000000e+02 9.322400000000000747e-12 9.289099999999999469e+00
9.120000000000000000e+02 1.136899999999999972e-11 9.179800000000000182e+00
9.140000000000000000e+02 1.409700000000000021e-11 1.011700000000000088e+01
9.160000000000000000e+02 1.659799999999999854e-11 9.179800000000000182e+00
9.180000000000000000e+02 2.046399999999999843e-11 1.030499999999999972e+01
9.200000000000000000e+02 2.455600000000000159e-11 1.046899999999999942e+01
9.220000000000000000e+02 2.955899999999999714e-11 1.035899999999999999e+01
9.240000000000000000e+02 3.592500000000000131e-11 1.067999999999999972e+01
9.260000000000000000e+02 4.229200000000000114e-11 1.064899999999999913e+01
9.280000000000000000e+02 5.002200000000000314e-11 1.033600000000000030e+01
9.300000000000000000e+02 5.866299999999999429e-11 1.092200000000000060e+01
9.320000000000000000e+02 6.752999999999999841e-11 1.078100000000000058e+01
9.340000000000000000e+02 7.730700000000000249e-11 1.077399999999999913e+01
9.360000000000000000e+02 8.617500000000000227e-11 1.089100000000000001e+01
9.380000000000000000e+02 9.526999999999999775e-11 1.097700000000000031e+01
9.400000000000000000e+02 1.043699999999999973e-10 1.139899999999999913e+01
9.420000000000000000e+02 1.098200000000000018e-10 1.153100000000000058e+01
9.440000000000000000e+02 1.134600000000000016e-10 1.176600000000000001e+01
9.460000000000000000e+02 1.127799999999999973e-10 1.226600000000000001e+01
9.480000000000000000e+02 1.084600000000000060e-10 1.214899999999999913e+01
9.500000000000000000e+02 1.025499999999999974e-10 1.256300000000000061e+01
9.520000000000000000e+02 9.095000000000000646e-11 1.266399999999999970e+01
9.540000000000000000e+02 7.958099999999999381e-11 1.304700000000000060e+01
9.560000000000000000e+02 6.730300000000000271e-11 1.282799999999999940e+01
9.580000000000000000e+02 5.434200000000000089e-11 1.288299999999999912e+01
9.600000000000000000e+02 4.388300000000000113e-11 1.292200000000000060e+01
9.620000000000000000e+02 3.456099999999999703e-11 1.303100000000000058e+01
9.640000000000000000e+02 2.682999999999999937e-11 1.282799999999999940e+01
9.660000000000000000e+02 2.091899999999999841e-11 1.325799999999999912e+01
9.680000000000000000e+02 1.614400000000000068e-11 1.232799999999999940e+01
9.700000000000000000e+02 1.364200000000000023e-11 1.130499999999999972e+01
9.720000000000000000e+02 1.091399999999999974e-11 9.601599999999999469e+00
9.740000000000000000e+02 8.640300000000000655e-12 1.299200000000000088e+01
9.760000000000000000e+02 7.275999999999999289e-12 1.181300000000000061e+01
9.780000000000000000e+02 6.139099999999999963e-12 7.695299999999999585e+00
9.800000000000000000e+02 5.002199999999999829e-12 5.523500000000000298e+00
9.820000000000000000e+02 4.320099999999999737e-12 8.429800000000000182e+00
9.840000000000000000e+02 3.637999999999999645e-12 7.757799999999999585e+00
9.860000000000000000e+02 2.728499999999999935e-12 6.703199999999999825e+00
9.880000000000000000e+02 2.728499999999999935e-12 1.000000000000000000e+01
9.900000000000000000e+02 2.501099999999999915e-12 7.117200000000000415e+00
9.920000000000000000e+02 2.273799999999999863e-12 4.078199999999999825e+00
9.940000000000000000e+02 1.818999999999999822e-12 0.000000000000000000e+00
9.960000000000000000e+02 1.818999999999999822e-12 5.195299999999999585e+00
9.980000000000000000e+02 1.364199999999999983e-12 -6.343799999999999883e+00
1.000000000000000000e+03 1.364199999999999983e-12 0.000000000000000000e+00
1.002000000000000000e+03 1.364199999999999983e-12 6.336000000000000298e+00
1.004000000000000000e+03 1.364199999999999983e-12 2.055499999999999972e+01
1.006000000000000000e+03 1.136899999999999932e-12 1.594500000000000028e+01
1.008000000000000000e+03 1.136899999999999932e-12 0.000000000000000000e+00
1.010000000000000000e+03 1.136899999999999932e-12 1.594500000000000028e+01
1.012000000000000000e+03 1.136899999999999932e-12 1.403100000000000058e+01
1.014000000000000000e+03 1.364199999999999983e-12 1.842999999999999972e+01
1.016000000000000000e+03 1.136899999999999932e-12 1.594500000000000028e+01
1.018000000000000000e+03 9.094999999999999111e-13 0.000000000000000000e+00
1.020000000000000000e+03 9.094999999999999111e-13 1.842999999999999972e+01
1.022000000000000000e+03 4.547499999999999556e-13 2.655499999999999972e+01
1.024000000000000000e+03 6.821200000000000258e-13 0.000000000000000000e+00
1.026000000000000000e+03 1.136899999999999932e-12 0.000000000000000000e+00
1.028000000000000000e+03 9.094999999999999111e-13 9.461000000000000298e+00
1.030000000000000000e+03 4.547499999999999556e-13 0.000000000000000000e+00
1.032000000000000000e+03 6.821200000000000258e-13 0.000000000000000000e+00
1.034000000000000000e+03 6.821200000000000258e-13 3.686699999999999733e+01
1.036000000000000000e+03 4.547499999999999556e-13 3.368800000000000239e+01
1.038000000000000000e+03 1.136899999999999932e-12 8.125099999999999767e+00
1.040000000000000000e+03 1.136899999999999932e-12 8.125099999999999767e+00
1.042000000000000000e+03 4.547499999999999556e-13 1.403100000000000058e+01
1.044000000000000000e+03 6.821200000000000258e-13 0.000000000000000000e+00
1.046000000000000000e+03 1.136899999999999932e-12 -8.132899999999999352e+00
1.048000000000000000e+03 9.094999999999999111e-13 0.000000000000000000e+00
1.050000000000000000e+03 3.183299999999999977e-12 5.711000000000000298e+00
1.052000000000000000e+03 1.023199999999999921e-11 7.468799999999999883e+00
1.054000000000000000e+03 1.182399999999999970e-11 6.336000000000000298e+00
1.056000000000000000e+03 2.000899999999999845e-11 7.117200000000000415e+00
1.058000000000000000e+03 2.228299999999999946e-11 7.226600000000000357e+00
1.060000000000000000e+03 2.091899999999999841e-11 6.836000000000000298e+00
