8.000000000000000000e+02 2.046399999999999843e-12 1.842999999999999972e+01
8.020000000000000000e+02 1.364199999999999983e-12 2.055499999999999972e+01
8.040000000000000000e+02 6.821200000000000258e-13 1.130499999999999972e+01
8.060000000000000000e+02 4.547499999999999556e-13 0.000000000000000000e+00
8.080000000000000000e+02 9.094999999999999111e-13 0.000000000000000000e+00
8.100000000000000000e+02 1.136899999999999932e-12 8.125099999999999767e+00
8.120000000000000000e+02 1.818999999999999822e-12 0.000000000000000000e+00
8.140000000000000000e+02 2.501099999999999915e-12 7.117200000000000415e+00
8.160000000000000000e+02 3.637999999999999645e-12 1.525000000000000000e+01
8.180000000000000000e+02 4.774899999999999778e-12 1.168800000000000061e+01
8.200000000000000000e+02 7.048599999999999672e-12 9.461000000000000298e+00
8.220000000000000000e+02 9.549699999999999991e-12 7.984399999999999942e+00
8.240000000000000000e+02 1.227800000000000080e-11 9.961000000000000298e+00
8.260000000000000000e+02 1.546199999999999854e-11 8.554800000000000182e+00
8.280000000000000000e+02 1.864500000000000063e-11 9.203200000000000713e+00
8.300000000000000000e+02 2.137299999999999950e-11 8.945399999999999352e+00
8.320000000000000000e+02 2.296500000000000161e-11 9.117300000000000182e+00
8.340000000000000000e+02 2.342000000000000158e-11 9.796900000000000830e+00
8.360000000000000000e+02 2.182799999999999948e-11 8.742300000000000182e+00
8.380000000000000000e+02 1.887199999999999956e-11 8.554800000000000182e+00
8.400000000000000000e+02 1.591599999999999963e-11 7.789100000000000357e+00
8.420000000000000000e+02 1.182399999999999970e-11 9.718799999999999883e+00
8.440000000000000000e+02 8.640300000000000655e-12 7.664100000000000357e+00
8.460000000000000000e+02 6.593900000000000004e-12 1.017200000000000060e+01
8.480000000000000000e+02 4.320099999999999737e-12 1.349200000000000088e+01
8.500000000000000000e+02 2.728499999999999935e-12 3.359399999999999942e+00
8.520000000000000000e+02 2.046399999999999843e-12 4.390699999999999825e+00
8.540000000000000000e+02 1.364199999999999983e-12 1.842999999999999972e+01
8.560000000000000000e+02 1.136899999999999932e-12 0.000000000000000000e+00
8.580000000000000000e+02 9.094999999999999111e-13 1.842999999999999972e+01
8.600000000000000000e+02 4.547499999999999556e-13 -1.403899999999999970e+01
8.620000000000000000e+02 9.094999999999999111e-13 -9.468799999999999883e+00
8.640000000000000000e+02 4.547499999999999556e-13 1.842999999999999972e+01
8.660000000000000000e+02 2.273699999999999945e-13 -9.000100000000000477e+01
8.680000000000000000e+02 4.547499999999999556e-13 0.000000000000000000e+00
8.700000000000000000e+02 0.000000000000000000e+00 0.000000000000000000e+00
8.720000000000000000e+02 2.273699999999999945e-13 0.000000000000000000e+00
8.740000000000000000e+02 0.000000000000000000e+00 1.799900000000000091e+02
8.760000000000000000e+02 4.547499999999999556e-13 -1.843799999999999883e+01
8.780000000000000000e+02 4.547499999999999556e-13 2.655499999999999972e+01
8.800000000000000000e+02 4.547499999999999556e-13 0.000000000000000000e+00
8.820000000000000000e+02 4.547499999999999556e-13 2.655499999999999972e+01
8.840000000000000000e+02 6.821200000000000258e-13 -1.131300000000000061e+01
8.860000000000000000e+02 1.364199999999999983e-12 2.055499999999999972e+01
8.880000000000000000e+02 1.818999999999999822e-12 5.195299999999999585e+00
8.900000000000000000e+02 1.818999999999999822e-12 1.403100000000000058e+01
8.920000000000000000e+02 2.273799999999999863e-12 8.125099999999999767e+00
8.940000000000000000e+02 3.183299999999999977e-12 1.473399999999999999e+01
8.960000000000000000e+02 4.092700000000000120e-12 1.625799999999999912e+01
8.980000000000000000e+02 5.911700000000000346e-12 1.130499999999999972e+01
9.000000000000000000e+02 7.503399999999999713e-12 8.836000000000000298e+00
9.020000000000000000e+02 9.322400000000000747e-12 1.209399999999999942e+01
9.040000000000000000e+02 1.295999999999999971e-11 1.030499999999999972e+01
9.060000000000000000e+02 1.682599999999999959e-11 1.142200000000000060e+01
9.080000000000000000e+02 2.160100000000000055e-11 1.156300000000000061e+01
9.100000000000000000e+02 2.796700000000000150e-11 1.124200000000000088e+01
9.120000000000000000e+02 3.592500000000000131e-11 1.041399999999999970e+01
9.140000000000000000e+02 4.593000000000000321e-11 1.021100000000000030e+01
9.160000000000000000e+02 5.752599999999999863e-11 9.976599999999999469e+00
9.180000000000000000e+02 7.230500000000000260e-11 1.032000000000000028e+01
9.200000000000000000e+02 8.844899999999999359e-11 1.028899999999999970e+01
9.220000000000000000e+02 1.084600000000000060e-10 9.906299999999999883e+00
9.240000000000000000e+02 1.295999999999999971e-10 9.906299999999999883e+00
9.260000000000000000e+02 1.516599999999999964e-10 1.011700000000000088e+01
9.280000000000000000e+02 1.741700000000000045e-10 1.007000000000000028e+01
9.300000000000000000e+02 1.921300000000000127e-10 9.882899999999999352e+00
9.320000000000000000e+02 2.062299999999999951e-10 9.851599999999999469e+00
9.340000000000000000e+02 2.123700000000000121e-10 9.742300000000000182e+00
9.360000000000000000e+02 2.107799999999999949e-10 9.586000000000000298e+00
9.380000000000000000e+02 2.032700000000000125e-10 9.757899999999999352e+00
9.400000000000000000e+02 1.880400000000000041e-10 9.539099999999999469e+00
9.420000000000000000e+02 1.687100000000000047e-10 9.539099999999999469e+00
9.440000000000000000e+02 1.439299999999999879e-10 9.586000000000000298e+00
9.460000000000000000e+02 1.184599999999999973e-10 9.281299999999999883e+00
9.480000000000000000e+02 9.640700000000000633e-11 9.734400000000000830e+00
9.500000000000000000e+02 7.662499999999999389e-11 9.617300000000000182e+00
9.520000000000000000e+02 6.161899999999999422e-11 9.640700000000000713e+00
9.540000000000000000e+02 4.797600000000000318e-11 9.164099999999999469e+00
9.560000000000000000e+02 3.797199999999999693e-11 9.289099999999999469e+00
9.580000000000000000e+02 3.114999999999999712e-11 8.906299999999999883e+00
9.600000000000000000e+02 2.546600000000000155e-11 8.656299999999999883e+00
9.620000000000000000e+02 2.114600000000000057e-11 9.461000000000000298e+00
9.640000000000000000e+02 1.796299999999999848e-11 8.429800000000000182e+00
9.660000000000000000e+02 1.523400000000000072e-11 8.742300000000000182e+00
9.680000000000000000e+02 1.364200000000000023e-11 9.796900000000000830e+00
9.700000000000000000e+02 1.159600000000000027e-11 9.859400000000000830e+00
9.720000000000000000e+02 1.023199999999999921e-11 1.021899999999999942e+01
9.740000000000000000e+02 9.095000000000000323e-12 8.429800000000000182e+00
9.760000000000000000e+02 7.958099999999999381e-12 1.083600000000000030e+01
9.780000000000000000e+02 6.821200000000000056e-12 9.687599999999999767e+00
9.800000000000000000e+02 6.593900000000000004e-12 1.017200000000000060e+01
9.820000000000000000e+02 5.456999999999999871e-12 6.703199999999999825e+00
9.840000000000000000e+02 5.456999999999999871e-12 1.232799999999999940e+01
9.860000000000000000e+02 4.774899999999999778e-12 9.773500000000000298e+00
9.880000000000000000e+02 4.320099999999999737e-12 4.234399999999999942e+00
9.900000000000000000e+02 3.865400000000000069e-12 1.461700000000000088e+01
9.920000000000000000e+02 2.955899999999999956e-12 1.252399999999999913e+01
9.940000000000000000e+02 3.410600000000000028e-12 8.125099999999999767e+00
9.960000000000000000e+02 3.183299999999999977e-12 1.473399999999999999e+01
9.980000000000000000e+02 2.501099999999999915e-12 7.117200000000000415e+00
1.000000000000000000e+03 2.273799999999999863e-12 1.709400000000000119e+01
1.002000000000000000e+03 2.046399999999999843e-12 1.842999999999999972e+01
1.004000000000000000e+03 2.273799999999999863e-12 1.964900000000000091e+01
1.006000000000000000e+03 1.818999999999999822e-12 2.179700000000000060e+01
1.008000000000000000e+03 1.136899999999999932e-12 7.117200000000000415e+00
1.010000000000000000e+03 1.364199999999999983e-12 6.336000000000000298e+00
1.012000000000000000e+03 1.591600000000000004e-12 1.669500000000000028e+01
1.014000000000000000e+03 1.136899999999999932e-12 8.125099999999999767e+00
1.016000000000000000e+03 1.136899999999999932e-12 -8.132899999999999352e+00
1.018000000000000000e+03 1.364199999999999983e-12 2.055499999999999972e+01
1.020000000000000000e+03 1.364199999999999983e-12 -6.343799999999999883e+00
1.022000000000000000e+03 1.591600000000000004e-12 5.711000000000000298e+00
1.024000000000000000e+03 6.821200000000000258e-13 2.179700000000000060e+01
1.026000000000000000e+03 9.094999999999999111e-13 9.461000000000000298e+00
1.028000000000000000e+03 1.364199999999999983e-12 2.055499999999999972e+01
1.030000000000000000e+03 1.136899999999999932e-12 0.000000000000000000e+00
1.032000000000000000e+03 1.136899999999999932e-12 2.319500000000000028e+01
1.034000000000000000e+03 1.136899999999999932e-12 1.403100000000000058e+01
1.036000000000000000e+03 1.136899999999999932e-12 2.319500000000000028e+01
1.038000000000000000e+03 1.136899999999999932e-12 7.117200000000000415e+00
1.040000000000000000e+03 1.136899999999999932e-12 2.319500000000000028e+01
1.042000000000000000e+03 9.094999999999999111e-13 3.096099999999999852e+01
1.044000000000000000e+03 6.821200000000000258e-13 0.000000000000000000e+00
1.046000000000000000e+03 6.821200000000000258e-13 3.686699999999999733e+01
1.048000000000000000e+03 4.547499999999999556e-13 2.655499999999999972e+01
1.050000000000000000e+03 3.183299999999999977e-12 2.859399999999999942e+00
1.052000000000000000e+03 8.185499999999999806e-12 9.265700000000000713e+00
1.054000000000000000e+03 9.322400000000000747e-12 9.289099999999999469e+00
1.056000000000000000e+03 1.614400000000000068e-11 6.461000000000000298e+00
1.058000000000000000e+03 2.000899999999999845e-11 7.117200000000000415e+00
1.060000000000000000e+03 1.864500000000000063e-11 6.671899999999999942e+00
