8.000000000000000000e+02 4.092700000000000120e-12 2.289099999999999913e+00
8.020000000000000000e+02 2.501099999999999915e-12 0.000000000000000000e+00
8.040000000000000000e+02 1.818999999999999822e-12 -4.765699999999999825e+00
8.060000000000000000e+02 1.818999999999999822e-12 5.195299999999999585e+00
8.080000000000000000e+02 2.955899999999999956e-12 0.000000000000000000e+00
8.100000000000000000e+02 5.456999999999999871e-12 5.039100000000000357e+00
8.120000000000000000e+02 9.777100000000000415e-12 8.812599999999999767e+00
8.140000000000000000e+02 1.659799999999999854e-11 9.742300000000000182e+00
8.160000000000000000e+02 2.682999999999999937e-11 9.921900000000000830e+00
8.180000000000000000e+02 4.024499999999999906e-11 9.265700000000000713e+00
8.200000000000000000e+02 5.320600000000000088e-11 9.336000000000000298e+00
8.220000000000000000e+02 6.320999999999999420e-11 9.086000000000000298e+00
8.240000000000000000e+02 6.616599999999999413e-11 9.250099999999999767e+00
8.260000000000000000e+02 6.343799999999999848e-11 9.211000000000000298e+00
8.280000000000000000e+02 5.570700000000000083e-11 9.625099999999999767e+00
8.300000000000000000e+02 4.524800000000000107e-11 9.078200000000000713e+00
8.320000000000000000e+02 3.456099999999999703e-11 9.140700000000000713e+00
8.340000000000000000e+02 2.523899999999999939e-11 8.711000000000000298e+00
8.360000000000000000e+02 1.750799999999999850e-11 8.125099999999999767e+00
8.380000000000000000e+02 1.227800000000000080e-11 9.328200000000000713e+00
8.400000000000000000e+02 8.640300000000000655e-12 8.914099999999999469e+00
8.420000000000000000e+02 6.139099999999999963e-12 1.252399999999999913e+01
8.440000000000000000e+02 4.320099999999999737e-12 6.578199999999999825e+00
8.460000000000000000e+02 2.501099999999999915e-12 3.570300000000000029e+00
8.480000000000000000e+02 1.818999999999999822e-12 1.030499999999999972e+01
8.500000000000000000e+02 1.136899999999999932e-12 1.403100000000000058e+01
8.520000000000000000e+02 1.136899999999999932e-12 1.594500000000000028e+01
8.540000000000000000e+02 1.136899999999999932e-12 0.000000000000000000e+00
8.560000000000000000e+02 6.821200000000000258e-13 -1.131300000000000061e+01
8.580000000000000000e+02 4.547499999999999556e-13 2.655499999999999972e+01
8.600000000000000000e+02 6.821200000000000258e-13 1.130499999999999972e+01
8.620000000000000000e+02 2.273699999999999945e-13 0.000000000000000000e+00
8.640000000000000000e+02 4.547499999999999556e-13 -1.403899999999999970e+01
8.660000000000000000e+02 6.821200000000000258e-13 1.130499999999999972e+01
8.680000000000000000e+02 4.547499999999999556e-13 0.000000000000000000e+00
8.700000000000000000e+02 4.547499999999999556e-13 3.368800000000000239e+01
8.720000000000000000e+02 4.547499999999999556e-13 1.842999999999999972e+01
8.740000000000000000e+02 0.000000000000000000e+00 4.499199999999999733e+01
8.760000000000000000e+02 2.273699999999999945e-13 6.342999999999999972e+01
8.780000000000000000e+02 0.000000000000000000e+00 0.000000000000000000e+00
8.800000000000000000e+02 4.547499999999999556e-13 3.368800000000000239e+01
8.820000000000000000e+02 4.547499999999999556e-13 -1.843799999999999883e+01
8.840000000000000000e+02 6.821200000000000258e-13 2.179700000000000060e+01
8.860000000000000000e+02 6.821200000000000258e-13 2.179700000000000060e+01
8.880000000000000000e+02 1.136899999999999932e-12 2.319500000000000028e+01
8.900000000000000000e+02 1.591600000000000004e-12 1.669500000000000028e+01
8.920000000000000000e+02 2.501099999999999915e-12 1.492999999999999972e+01
8.940000000000000000e+02 3.637999999999999645e-12 1.279700000000000060e+01
8.960000000000000000e+02 5.911700000000000346e-12 9.718799999999999883e+00
8.980000000000000000e+02 8.867599999999999898e-12 1.067999999999999972e+01
9.000000000000000000e+02 1.386999999999999967e-11 1.023399999999999999e+01
9.020000000000000000e+02 2.137299999999999950e-11 1.026600000000000001e+01
9.040000000000000000e+02 3.410599999999999705e-11 9.554800000000000182e+00
9.060000000000000000e+02 5.206899999999999876e-11 9.546900000000000830e+00
9.080000000000000000e+02 7.889899999999999813e-11 9.461000000000000298e+00
9.100000000000000000e+02 1.164199999999999971e-10 9.632899999999999352e+00
9.120000000000000000e+02 1.680299999999999874e-10 9.578200000000000713e+00
9.140000000000000000e+02 2.355600000000000117e-10 9.523500000000000298e+00
9.160000000000000000e+02 3.178700000000000097e-10 9.406299999999999883e+00
9.180000000000000000e+02 4.117799999999999987e-10 9.312599999999999767e+00
9.200000000000000000e+02 5.097799999999999705e-10 9.234400000000000830e+00
9.220000000000000000e+02 6.002700000000000375e-10 9.086000000000000298e+00
9.240000000000000000e+02 6.725799999999999666e-10 8.906299999999999883e+00
9.260000000000000000e+02 7.116799999999999660e-10 8.734400000000000830e+00
9.280000000000000000e+02 7.153199999999999659e-10 8.546900000000000830e+00
9.300000000000000000e+02 6.814399999999999753e-10 8.375099999999999767e+00
9.320000000000000000e+02 6.170999999999999680e-10 8.218799999999999883e+00
9.340000000000000000e+02 5.368299999999999960e-10 7.968799999999999883e+00
9.360000000000000000e+02 4.465600000000000068e-10 7.828199999999999825e+00
9.380000000000000000e+02 3.631199999999999827e-10 7.804700000000000415e+00
9.400000000000000000e+02 2.923999999999999932e-10 7.695299999999999585e+00
9.420000000000000000e+02 2.339700000000000203e-10 7.648500000000000298e+00
9.440000000000000000e+02 1.907700000000000040e-10 7.570299999999999585e+00
9.460000000000000000e+02 1.575700000000000049e-10 7.586000000000000298e+00
9.480000000000000000e+02 1.341499999999999969e-10 7.492200000000000415e+00
9.500000000000000000e+02 1.164199999999999971e-10 7.554700000000000415e+00
9.520000000000000000e+02 1.032300000000000018e-10 7.781299999999999883e+00
9.540000000000000000e+02 9.276899999999999780e-11 7.632799999999999585e+00
9.560000000000000000e+02 8.367400000000000232e-11 8.109400000000000830e+00
9.580000000000000000e+02 7.662499999999999389e-11 7.984399999999999942e+00
9.600000000000000000e+02 7.003199999999999401e-11 7.914100000000000357e+00
9.620000000000000000e+02 6.343799999999999848e-11 7.656299999999999883e+00
9.640000000000000000e+02 5.775300000000000079e-11 7.781299999999999883e+00
9.660000000000000000e+02 5.229600000000000092e-11 7.687500000000000000e+00
9.680000000000000000e+02 4.661199999999999889e-11 7.781299999999999883e+00
9.700000000000000000e+02 4.160999999999999900e-11 7.320299999999999585e+00
9.720000000000000000e+02 3.706199999999999697e-11 7.984399999999999942e+00
9.740000000000000000e+02 3.296900000000000139e-11 7.836000000000000298e+00
9.760000000000000000e+02 2.955899999999999714e-11 7.757799999999999585e+00
9.780000000000000000e+02 2.546600000000000155e-11 7.078199999999999825e+00
9.800000000000000000e+02 2.205499999999999841e-11 7.757799999999999585e+00
9.820000000000000000e+02 1.932699999999999954e-11 8.812599999999999767e+00
9.840000000000000000e+02 1.682599999999999959e-11 8.531299999999999883e+00
9.860000000000000000e+02 1.455199999999999858e-11 7.851600000000000357e+00
9.880000000000000000e+02 1.250600000000000023e-11 8.343799999999999883e+00
9.900000000000000000e+02 1.091399999999999974e-11 6.906299999999999883e+00
9.920000000000000000e+02 9.322400000000000747e-12 8.125099999999999767e+00
9.940000000000000000e+02 7.958099999999999381e-12 8.125099999999999767e+00
9.960000000000000000e+02 7.275999999999999289e-12 7.593799999999999883e+00
9.980000000000000000e+02 6.593900000000000004e-12 5.711000000000000298e+00
1.000000000000000000e+03 5.456999999999999871e-12 5.195299999999999585e+00
1.002000000000000000e+03 4.774899999999999778e-12 7.593799999999999883e+00
1.004000000000000000e+03 4.547500000000000161e-12 1.011700000000000088e+01
1.006000000000000000e+03 3.637999999999999645e-12 9.859400000000000830e+00
1.008000000000000000e+03 3.865400000000000069e-12 7.117200000000000415e+00
1.010000000000000000e+03 2.955899999999999956e-12 3.007800000000000029e+00
1.012000000000000000e+03 2.955899999999999956e-12 0.000000000000000000e+00
1.014000000000000000e+03 2.273799999999999863e-12 4.078199999999999825e+00
1.016000000000000000e+03 2.273799999999999863e-12 4.078199999999999825e+00
1.018000000000000000e+03 2.046399999999999843e-12 0.000000000000000000e+00
1.020000000000000000e+03 2.273799999999999863e-12 0.000000000000000000e+00
1.022000000000000000e+03 2.046399999999999843e-12 8.742300000000000182e+00
1.024000000000000000e+03 1.818999999999999822e-12 1.997700000000000031e+01
1.026000000000000000e+03 1.818999999999999822e-12 0.000000000000000000e+00
1.028000000000000000e+03 1.364199999999999983e-12 6.336000000000000298e+00
1.030000000000000000e+03 1.364199999999999983e-12 0.000000000000000000e+00
1.032000000000000000e+03 1.818999999999999822e-12 0.000000000000000000e+00
1.034000000000000000e+03 1.818999999999999822e-12 0.000000000000000000e+00
1.036000000000000000e+03 1.591600000000000004e-12 5.711000000000000298e+00
1.038000000000000000e+03 1.364199999999999983e-12 0.000000000000000000e+00
1.040000000000000000e+03 1.364199999999999983e-12 6.336000000000000298e+00
1.042000000000000000e+03 1.136899999999999932e-12 1.594500000000000028e+01
1.044000000000000000e+03 1.136899999999999932e-12 2.655499999999999972e+01
1.046000000000000000e+03 9.094999999999999111e-13 1.842999999999999972e+01
1.048000000000000000e+03 1.136899999999999932e-12 0.000000000000000000e+00
1.050000000000000000e+03 5.229600000000000254e-12 8.875099999999999767e+00
1.052000000000000000e+03 9.322400000000000747e-12 9.125099999999999767e+00
1.054000000000000000e+03 1.136899999999999972e-11 7.539100000000000357e+00
1.056000000000000000e+03 1.932699999999999954e-11 9.461000000000000298e+00
1.058000000000000000e+03 2.342000000000000158e-11 8.992300000000000182e+00
1.060000000000000000e+03 2.228299999999999946e-11 9.461000000000000298e+00
