8.000000000000000000e+02 1.591600000000000004e-12 1.669500000000000028e+01
8.020000000000000000e+02 4.547499999999999556e-13 2.655499999999999972e+01
8.040000000000000000e+02 4.547499999999999556e-13 -1.403899999999999970e+01
8.060000000000000000e+02 4.547499999999999556e-13 -1.403899999999999970e+01
8.080000000000000000e+02 6.821200000000000258e-13 2.179700000000000060e+01
8.100000000000000000e+02 4.547499999999999556e-13 1.403100000000000058e+01
8.120000000000000000e+02 1.136899999999999932e-12 7.117200000000000415e+00
8.140000000000000000e+02 1.818999999999999822e-12 4.757799999999999585e+00
8.160000000000000000e+02 2.728499999999999935e-12 2.055499999999999972e+01
8.180000000000000000e+02 3.410600000000000028e-12 5.437500000000000000e+00
8.200000000000000000e+02 4.774899999999999778e-12 5.711000000000000298e+00
8.220000000000000000e+02 6.821200000000000056e-12 8.125099999999999767e+00
8.240000000000000000e+02 8.640300000000000655e-12 7.523500000000000298e+00
8.260000000000000000e+02 1.136899999999999972e-11 1.000000000000000000e+01
8.280000000000000000e+02 1.432499999999999965e-11 8.593799999999999883e+00
8.300000000000000000e+02 1.705299999999999852e-11 8.914099999999999469e+00
8.320000000000000000e+02 1.955399999999999847e-11 1.025799999999999912e+01
8.340000000000000000e+02 2.046399999999999843e-11 1.030499999999999972e+01
8.360000000000000000e+02 2.091899999999999841e-11 1.005499999999999972e+01
8.380000000000000000e+02 2.000899999999999845e-11 9.070399999999999352e+00
8.400000000000000000e+02 1.750799999999999850e-11 9.820399999999999352e+00
8.420000000000000000e+02 1.432499999999999965e-11 1.078100000000000058e+01
8.440000000000000000e+02 1.114100000000000029e-11 9.461000000000000298e+00
8.460000000000000000e+02 7.958099999999999381e-12 1.289899999999999913e+01
8.480000000000000000e+02 5.684400000000000295e-12 1.323399999999999999e+01
8.500000000000000000e+02 4.320099999999999737e-12 1.088299999999999912e+01
8.520000000000000000e+02 2.501099999999999915e-12 7.117200000000000415e+00
8.540000000000000000e+02 2.273799999999999863e-12 0.000000000000000000e+00
8.560000000000000000e+02 1.591600000000000004e-12 2.396099999999999852e+01
8.580000000000000000e+02 1.136899999999999932e-12 0.000000000000000000e+00
8.600000000000000000e+02 1.136899999999999932e-12 8.125099999999999767e+00
8.620000000000000000e+02 9.094999999999999111e-13 3.096099999999999852e+01
8.640000000000000000e+02 4.547499999999999556e-13 0.000000000000000000e+00
8.660000000000000000e+02 6.821200000000000258e-13 0.000000000000000000e+00
8.680000000000000000e+02 4.547499999999999556e-13 -1.403899999999999970e+01
8.700000000000000000e+02 4.547499999999999556e-13 0.000000000000000000e+00
8.720000000000000000e+02 0.000000000000000000e+00 4.499199999999999733e+01
8.740000000000000000e+02 2.273699999999999945e-13 6.342999999999999972e+01
8.760000000000000000e+02 4.547499999999999556e-13 2.655499999999999972e+01
8.780000000000000000e+02 6.821200000000000258e-13 1.130499999999999972e+01
8.800000000000000000e+02 4.547499999999999556e-13 -1.403899999999999970e+01
8.820000000000000000e+02 6.821200000000000258e-13 -2.180499999999999972e+01
8.840000000000000000e+02 9.094999999999999111e-13 9.461000000000000298e+00
8.860000000000000000e+02 6.821200000000000258e-13 -1.131300000000000061e+01
8.880000000000000000e+02 1.136899999999999932e-12 -8.132899999999999352e+00
8.900000000000000000e+02 1.364199999999999983e-12 6.336000000000000298e+00
8.920000000000000000e+02 2.046399999999999843e-12 0.000000000000000000e+00
8.940000000000000000e+02 2.728499999999999935e-12 3.359399999999999942e+00
8.960000000000000000e+02 3.637999999999999645e-12 1.030499999999999972e+01
8.980000000000000000e+02 4.320099999999999737e-12 1.349200000000000088e+01
9.000000000000000000e+02 5.911700000000000346e-12 9.718799999999999883e+00
9.020000000000000000e+02 7.503399999999999713e-12 8.836000000000000298e+00
9.040000000000000000e+02 9.777100000000000415e-12 1.073399999999999999e+01
9.060000000000000000e+02 1.227800000000000080e-11 8.453200000000000713e+00
9.080000000000000000e+02 1.614400000000000068e-11 9.461000000000000298e+00
9.100000000000000000e+02 2.000899999999999845e-11 8.531299999999999883e+00
9.120000000000000000e+02 2.546600000000000155e-11 9.703200000000000713e+00
9.140000000000000000e+02 3.160499999999999710e-11 9.656299999999999883e+00
9.160000000000000000e+02 4.001799999999999690e-11 9.304800000000000182e+00
9.180000000000000000e+02 4.979500000000000098e-11 9.203200000000000713e+00
9.200000000000000000e+02 6.184600000000000284e-11 9.281299999999999883e+00
9.220000000000000000e+02 7.548899999999999388e-11 9.273500000000000298e+00
9.240000000000000000e+02 9.072200000000000218e-11 9.078200000000000713e+00
9.260000000000000000e+02 1.075500000000000060e-10 9.359400000000000830e+00
9.280000000000000000e+02 1.252800000000000058e-10 9.257899999999999352e+00
9.300000000000000000e+02 1.425599999999999968e-10 9.203200000000000713e+00
9.320000000000000000e+02 1.589399999999999960e-10 9.164099999999999469e+00
9.340000000000000000e+02 1.712099999999999961e-10 9.281299999999999883e+00
9.360000000000000000e+02 1.787200000000000043e-10 9.328200000000000713e+00
9.380000000000000000e+02 1.793999999999999957e-10 9.398500000000000298e+00
9.400000000000000000e+02 1.750800000000000044e-10 9.531299999999999883e+00
9.420000000000000000e+02 1.641600000000000049e-10 9.515700000000000713e+00
9.440000000000000000e+02 1.480199999999999965e-10 9.515700000000000713e+00
9.460000000000000000e+02 1.286899999999999971e-10 9.609400000000000830e+00
9.480000000000000000e+02 1.086800000000000062e-10 9.789099999999999469e+00
9.500000000000000000e+02 8.958600000000000218e-11 9.953200000000000713e+00
9.520000000000000000e+02 7.230500000000000260e-11 9.148500000000000298e+00
9.540000000000000000e+02 5.775300000000000079e-11 9.461000000000000298e+00
9.560000000000000000e+02 4.570199999999999893e-11 8.976599999999999469e+00
9.580000000000000000e+02 3.660699999999999699e-11 9.156299999999999883e+00
9.600000000000000000e+02 2.955899999999999714e-11 8.398500000000000298e+00
9.620000000000000000e+02 2.478399999999999941e-11 8.507899999999999352e+00
9.640000000000000000e+02 1.978199999999999952e-11 8.671900000000000830e+00
9.660000000000000000e+02 1.682599999999999959e-11 8.445399999999999352e+00
9.680000000000000000e+02 1.432499999999999965e-11 9.242300000000000182e+00
9.700000000000000000e+02 1.182399999999999970e-11 8.804800000000000182e+00
9.720000000000000000e+02 1.045899999999999976e-11 8.125099999999999767e+00
9.740000000000000000e+02 9.095000000000000323e-12 7.250000000000000000e+00
9.760000000000000000e+02 8.412900000000000230e-12 9.086000000000000298e+00
9.780000000000000000e+02 6.821200000000000056e-12 6.789100000000000357e+00
9.800000000000000000e+02 6.366500000000000388e-12 4.390699999999999825e+00
9.820000000000000000e+02 5.456999999999999871e-12 8.359400000000000830e+00
9.840000000000000000e+02 5.456999999999999871e-12 3.460900000000000087e+00
9.860000000000000000e+02 4.774899999999999778e-12 7.851600000000000357e+00
9.880000000000000000e+02 4.092700000000000120e-12 2.289099999999999913e+00
9.900000000000000000e+02 4.092700000000000120e-12 6.836000000000000298e+00
9.920000000000000000e+02 3.410600000000000028e-12 1.078100000000000058e+01
9.940000000000000000e+02 2.955899999999999956e-12 3.007800000000000029e+00
9.960000000000000000e+02 3.410600000000000028e-12 2.718799999999999883e+00
9.980000000000000000e+02 2.728499999999999935e-12 6.703199999999999825e+00
1.000000000000000000e+03 2.501099999999999915e-12 1.403100000000000058e+01
1.002000000000000000e+03 2.046399999999999843e-12 8.742300000000000182e+00
1.004000000000000000e+03 2.046399999999999843e-12 8.742300000000000182e+00
1.006000000000000000e+03 1.818999999999999822e-12 5.195299999999999585e+00
1.008000000000000000e+03 1.818999999999999822e-12 -4.765699999999999825e+00
1.010000000000000000e+03 1.818999999999999822e-12 1.525000000000000000e+01
1.012000000000000000e+03 1.364199999999999983e-12 6.336000000000000298e+00
1.014000000000000000e+03 1.818999999999999822e-12 4.757799999999999585e+00
1.016000000000000000e+03 1.591600000000000004e-12 1.130499999999999972e+01
1.018000000000000000e+03 1.136899999999999932e-12 7.117200000000000415e+00
1.020000000000000000e+03 1.591600000000000004e-12 5.711000000000000298e+00
1.022000000000000000e+03 1.591600000000000004e-12 1.130499999999999972e+01
1.024000000000000000e+03 1.136899999999999932e-12 8.125099999999999767e+00
1.026000000000000000e+03 6.821200000000000258e-13 0.000000000000000000e+00
1.028000000000000000e+03 6.821200000000000258e-13 1.130499999999999972e+01
1.030000000000000000e+03 1.136899999999999932e-12 0.000000000000000000e+00
1.032000000000000000e+03 4.547499999999999556e-13 -1.403899999999999970e+01
1.034000000000000000e+03 6.821200000000000258e-13 3.686699999999999733e+01
1.036000000000000000e+03 4.547499999999999556e-13 -1.403899999999999970e+01
1.038000000000000000e+03 6.821200000000000258e-13 -1.131300000000000061e+01
1.040000000000000000e+03 6.821200000000000258e-13 2.179700000000000060e+01
1.042000000000000000e+03 9.094999999999999111e-13 9.461000000000000298e+00
1.044000000000000000e+03 9.094999999999999111e-13 9.461000000000000298e+00
1.046000000000000000e+03 1.136899999999999932e-12 2.319500000000000028e+01
1.048000000000000000e+03 9.094999999999999111e-13 3.096099999999999852e+01
1.050000000000000000e+03 3.637999999999999645e-12 9.859400000000000830e+00
1.052000000000000000e+03 1.182399999999999970e-11 1.114899999999999913e+01
1.054000000000000000e+03 1.341499999999999969e-11 1.214100000000000001e+01
1.056000000000000000e+03 2.205499999999999841e-11 9.953200000000000713e+00
1.058000000000000000e+03 2.682999999999999937e-11 1.109399999999999942e+01
1.060000000000000000e+03 2.410200000000000050e-11 1.153899999999999970e+01
