8.000000000000000000e+02 6.821200000000000258e-13 -1.131300000000000061e+01
8.020000000000000000e+02 9.094999999999999111e-13 0.000000000000000000e+00
8.040000000000000000e+02 4.547499999999999556e-13 2.655499999999999972e+01
8.060000000000000000e+02 4.547499999999999556e-13 -4.500000000000000000e+01
8.080000000000000000e+02 2.273699999999999945e-13 -9.000100000000000477e+01
8.100000000000000000e+02 0.000000000000000000e+00 -4.500000000000000000e+01
8.120000000000000000e+02 2.273699999999999945e-13 2.655499999999999972e+01
8.140000000000000000e+02 4.547499999999999556e-13 -4.500000000000000000e+01
8.160000000000000000e+02 0.000000000000000000e+00 4.499199999999999733e+01
8.180000000000000000e+02 2.273699999999999945e-13 0.000000000000000000e+00
8.200000000000000000e+02 2.273699999999999945e-13 0.000000000000000000e+00
8.220000000000000000e+02 9.094999999999999111e-13 0.000000000000000000e+00
8.240000000000000000e+02 1.136899999999999932e-12 2.655499999999999972e+01
8.260000000000000000e+02 4.547499999999999556e-13 0.000000000000000000e+00
8.280000000000000000e+02 1.136899999999999932e-12 1.594500000000000028e+01
8.300000000000000000e+02 4.547499999999999556e-13 0.000000000000000000e+00
8.320000000000000000e+02 1.136899999999999932e-12 0.000000000000000000e+00
8.340000000000000000e+02 1.136899999999999932e-12 1.594500000000000028e+01
8.360000000000000000e+02 1.818999999999999822e-12 4.757799999999999585e+00
8.380000000000000000e+02 2.046399999999999843e-12 1.842999999999999972e+01
8.400000000000000000e+02 2.728499999999999935e-12 6.703199999999999825e+00
8.420000000000000000e+02 2.728499999999999935e-12 3.359399999999999942e+00
8.440000000000000000e+02 3.183299999999999977e-12 2.859399999999999942e+00
8.460000000000000000e+02 4.320099999999999737e-12 1.049200000000000088e+01
8.480000000000000000e+02 4.547500000000000161e-12 1.252399999999999913e+01
8.500000000000000000e+02 5.229600000000000254e-12 8.875099999999999767e+00
8.520000000000000000e+02 5.911700000000000346e-12 1.441399999999999970e+01
8.540000000000000000e+02 5.911700000000000346e-12 9.461000000000000298e+00
8.560000000000000000e+02 6.139099999999999963e-12 6.164100000000000357e+00
8.580000000000000000e+02 6.366500000000000388e-12 1.043800000000000061e+01
8.600000000000000000e+02 5.229600000000000254e-12 8.875099999999999767e+00
8.620000000000000000e+02 5.002199999999999829e-12 3.687500000000000000e+00
8.640000000000000000e+02 4.092700000000000120e-12 2.289099999999999913e+00
8.660000000000000000e+02 3.410600000000000028e-12 5.437500000000000000e+00
8.680000000000000000e+02 2.273799999999999863e-12 1.209399999999999942e+01
8.700000000000000000e+02 1.818999999999999822e-12 5.195299999999999585e+00
8.720000000000000000e+02 1.818999999999999822e-12 -5.203199999999999825e+00
8.740000000000000000e+02 9.094999999999999111e-13 1.842999999999999972e+01
8.760000000000000000e+02 4.547499999999999556e-13 0.000000000000000000e+00
8.780000000000000000e+02 4.547499999999999556e-13 2.655499999999999972e+01
8.800000000000000000e+02 9.094999999999999111e-13 0.000000000000000000e+00
8.820000000000000000e+02 4.547499999999999556e-13 -1.403899999999999970e+01
8.840000000000000000e+02 4.547499999999999556e-13 1.842999999999999972e+01
8.860000000000000000e+02 1.136899999999999932e-12 0.000000000000000000e+00
8.880000000000000000e+02 4.547499999999999556e-13 1.842999999999999972e+01
8.900000000000000000e+02 2.273699999999999945e-13 0.000000000000000000e+00
8.920000000000000000e+02 6.821200000000000258e-13 -1.131300000000000061e+01
8.940000000000000000e+02 1.136899999999999932e-12 2.655499999999999972e+01
8.960000000000000000e+02 1.364199999999999983e-12 2.055499999999999972e+01
8.980000000000000000e+02 1.136899999999999932e-12 0.000000000000000000e+00
9.000000000000000000e+02 9.094999999999999111e-13 0.000000000000000000e+00
9.020000000000000000e+02 1.591600000000000004e-12 0.000000000000000000e+00
9.040000000000000000e+02 1.818999999999999822e-12 1.030499999999999972e+01
9.060000000000000000e+02 1.591600000000000004e-12 1.130499999999999972e+01
9.080000000000000000e+02 1.818999999999999822e-12 0.000000000000000000e+00
9.100000000000000000e+02 2.728499999999999935e-12 3.359399999999999942e+00
9.120000000000000000e+02 2.501099999999999915e-12 7.117200000000000415e+00
9.140000000000000000e+02 2.955899999999999956e-12 3.179699999999999971e+00
9.160000000000000000e+02 3.410600000000000028e-12 1.078100000000000058e+01
9.180000000000000000e+02 3.637999999999999645e-12 2.484399999999999942e+00
9.200000000000000000e+02 4.547500000000000161e-12 4.078199999999999825e+00
9.220000000000000000e+02 5.229600000000000254e-12 8.875099999999999767e+00
9.240000000000000000e+02 5.911700000000000346e-12 7.906299999999999883e+00
9.260000000000000000e+02 6.593900000000000004e-12 5.711000000000000298e+00
9.280000000000000000e+02 7.958099999999999381e-12 6.976600000000000357e+00
9.300000000000000000e+02 9.095000000000000323e-12 9.461000000000000298e+00
9.320000000000000000e+02 1.000399999999999978e-11 1.130499999999999972e+01
9.340000000000000000e+02 1.136899999999999972e-11 1.082000000000000028e+01
9.360000000000000000e+02 1.295999999999999971e-11 9.461000000000000298e+00
9.380000000000000000e+02 1.500699999999999856e-11 8.218799999999999883e+00
9.400000000000000000e+02 1.773500000000000067e-11 9.718799999999999883e+00
9.420000000000000000e+02 1.887199999999999956e-11 9.046900000000000830e+00
9.440000000000000000e+02 2.137299999999999950e-11 9.382899999999999352e+00
9.460000000000000000e+02 2.364700000000000052e-11 8.867300000000000182e+00
9.480000000000000000e+02 2.660300000000000044e-11 8.992300000000000182e+00
9.500000000000000000e+02 2.910399999999999716e-11 8.546900000000000830e+00
9.520000000000000000e+02 3.114999999999999712e-11 7.695299999999999585e+00
9.540000000000000000e+02 3.251499999999999706e-11 9.070399999999999352e+00
9.560000000000000000e+02 3.410599999999999705e-11 8.914099999999999469e+00
9.580000000000000000e+02 3.547000000000000133e-11 8.617300000000000182e+00
9.600000000000000000e+02 3.592500000000000131e-11 8.500099999999999767e+00
9.620000000000000000e+02 3.478799999999999919e-11 8.203200000000000713e+00
9.640000000000000000e+02 3.319699999999999920e-11 8.328200000000000713e+00
9.660000000000000000e+02 3.114999999999999712e-11 7.648500000000000298e+00
9.680000000000000000e+02 2.864900000000000041e-11 7.703199999999999825e+00
9.700000000000000000e+02 2.478399999999999941e-11 7.265699999999999825e+00
9.720000000000000000e+02 2.182799999999999948e-11 8.242300000000000182e+00
9.740000000000000000e+02 1.841699999999999958e-11 7.250000000000000000e+00
9.760000000000000000e+02 1.523400000000000072e-11 6.265699999999999825e+00
9.780000000000000000e+02 1.227800000000000080e-11 8.453200000000000713e+00
9.800000000000000000e+02 9.549699999999999991e-12 5.898500000000000298e+00
9.820000000000000000e+02 7.958099999999999381e-12 7.117200000000000415e+00
9.840000000000000000e+02 6.139099999999999963e-12 9.203200000000000713e+00
9.860000000000000000e+02 4.547500000000000161e-12 8.125099999999999767e+00
9.880000000000000000e+02 3.637999999999999645e-12 2.601599999999999913e+00
9.900000000000000000e+02 2.955899999999999956e-12 3.179699999999999971e+00
9.920000000000000000e+02 2.273799999999999863e-12 1.209399999999999942e+01
9.940000000000000000e+02 1.818999999999999822e-12 9.461000000000000298e+00
9.960000000000000000e+02 1.136899999999999932e-12 0.000000000000000000e+00
9.980000000000000000e+02 1.364199999999999983e-12 1.252399999999999913e+01
1.000000000000000000e+03 1.136899999999999932e-12 8.125099999999999767e+00
1.002000000000000000e+03 4.547499999999999556e-13 1.403100000000000058e+01
1.004000000000000000e+03 4.547499999999999556e-13 -1.843799999999999883e+01
1.006000000000000000e+03 6.821200000000000258e-13 -1.131300000000000061e+01
1.008000000000000000e+03 1.136899999999999932e-12 8.125099999999999767e+00
1.010000000000000000e+03 4.547499999999999556e-13 1.842999999999999972e+01
1.012000000000000000e+03 4.547499999999999556e-13 2.655499999999999972e+01
1.014000000000000000e+03 6.821200000000000258e-13 0.000000000000000000e+00
1.016000000000000000e+03 4.547499999999999556e-13 4.499199999999999733e+01
1.018000000000000000e+03 2.273699999999999945e-13 -2.656299999999999883e+01
1.020000000000000000e+03 2.273699999999999945e-13 2.655499999999999972e+01
1.022000000000000000e+03 2.273699999999999945e-13 2.655499999999999972e+01
1.024000000000000000e+03 0.000000000000000000e+00 4.499199999999999733e+01
1.026000000000000000e+03 2.273699999999999945e-13 6.342999999999999972e+01
1.028000000000000000e+03 4.547499999999999556e-13 -1.403899999999999970e+01
1.030000000000000000e+03 4.547499999999999556e-13 4.499199999999999733e+01
1.032000000000000000e+03 0.000000000000000000e+00 -9.000100000000000477e+01
1.034000000000000000e+03 2.273699999999999945e-13 -9.000100000000000477e+01
1.036000000000000000e+03 0.000000000000000000e+00 -4.500000000000000000e+01
1.038000000000000000e+03 2.273699999999999945e-13 0.000000000000000000e+00
1.040000000000000000e+03 2.273699999999999945e-13 -2.656299999999999883e+01
1.042000000000000000e+03 2.273699999999999945e-13 2.655499999999999972e+01
1.044000000000000000e+03 4.547499999999999556e-13 -4.500000000000000000e+01
1.046000000000000000e+03 2.273699999999999945e-13 2.655499999999999972e+01
1.048000000000000000e+03 2.273699999999999945e-13 2.655499999999999972e+01
1.050000000000000000e+03 2.728499999999999935e-12 -3.367199999999999971e+00
1.052000000000000000e+03 6.139099999999999963e-12 7.695299999999999585e+00
1.054000000000000000e+03 7.958099999999999381e-12 5.945299999999999585e+00
1.056000000000000000e+03 1.295999999999999971e-11 6.578199999999999825e+00
1.058000000000000000e+03 1.523400000000000072e-11 5.578199999999999825e+00
1.060000000000000000e+03 1.614400000000000068e-11 7.703199999999999825e+00
