8.000000000000000000e+02 1.818999999999999822e-12 2.179700000000000060e+01
8.020000000000000000e+02 1.136899999999999932e-12 8.125099999999999767e+00
8.040000000000000000e+02 6.821200000000000258e-13 1.130499999999999972e+01
8.060000000000000000e+02 1.136899999999999932e-12 0.000000000000000000e+00
8.080000000000000000e+02 6.821200000000000258e-13 1.130499999999999972e+01
8.100000000000000000e+02 4.547499999999999556e-13 2.655499999999999972e+01
8.120000000000000000e+02 4.547499999999999556e-13 2.655499999999999972e+01
8.140000000000000000e+02 9.094999999999999111e-13 -9.468799999999999883e+00
8.160000000000000000e+02 1.136899999999999932e-12 1.594500000000000028e+01
8.180000000000000000e+02 1.591600000000000004e-12 1.669500000000000028e+01
8.200000000000000000e+02 2.273799999999999863e-12 3.812500000000000000e+00
8.220000000000000000e+02 3.183299999999999977e-12 5.711000000000000298e+00
8.240000000000000000e+02 4.320099999999999737e-12 1.299200000000000088e+01
8.260000000000000000e+02 5.456999999999999871e-12 6.703199999999999825e+00
8.280000000000000000e+02 6.821200000000000056e-12 8.125099999999999767e+00
8.300000000000000000e+02 9.322400000000000747e-12 1.011700000000000088e+01
8.320000000000000000e+02 1.068699999999999919e-11 1.147700000000000031e+01
8.340000000000000000e+02 1.227800000000000080e-11 9.961000000000000298e+00
8.360000000000000000e+02 1.432499999999999965e-11 9.351599999999999469e+00
8.380000000000000000e+02 1.546199999999999854e-11 1.057799999999999940e+01
8.400000000000000000e+02 1.546199999999999854e-11 8.554800000000000182e+00
8.420000000000000000e+02 1.409700000000000021e-11 9.461000000000000298e+00
8.440000000000000000e+02 1.273300000000000078e-11 8.968799999999999883e+00
8.460000000000000000e+02 1.091399999999999974e-11 7.882799999999999585e+00
8.480000000000000000e+02 8.640300000000000655e-12 8.742300000000000182e+00
8.500000000000000000e+02 6.139099999999999963e-12 6.007799999999999585e+00
8.520000000000000000e+02 4.547500000000000161e-12 6.109399999999999942e+00
8.540000000000000000e+02 3.410600000000000028e-12 1.403100000000000058e+01
8.560000000000000000e+02 2.273799999999999863e-12 3.812500000000000000e+00
8.580000000000000000e+02 1.818999999999999822e-12 5.195299999999999585e+00
8.600000000000000000e+02 1.136899999999999932e-12 7.117200000000000415e+00
8.620000000000000000e+02 1.136899999999999932e-12 1.594500000000000028e+01
8.640000000000000000e+02 4.547499999999999556e-13 0.000000000000000000e+00
8.660000000000000000e+02 4.547499999999999556e-13 2.655499999999999972e+01
8.680000000000000000e+02 6.821200000000000258e-13 2.179700000000000060e+01
8.700000000000000000e+02 2.273699999999999945e-13 2.655499999999999972e+01
8.720000000000000000e+02 4.547499999999999556e-13 -1.843799999999999883e+01
8.740000000000000000e+02 2.273699999999999945e-13 -2.656299999999999883e+01
8.760000000000000000e+02 2.273699999999999945e-13 2.655499999999999972e+01
8.780000000000000000e+02 0.000000000000000000e+00 -4.500000000000000000e+01
8.800000000000000000e+02 4.547499999999999556e-13 3.368800000000000239e+01
8.820000000000000000e+02 4.547499999999999556e-13 3.368800000000000239e+01
8.840000000000000000e+02 4.547499999999999556e-13 1.403100000000000058e+01
8.860000000000000000e+02 1.136899999999999932e-12 2.655499999999999972e+01
8.880000000000000000e+02 9.094999999999999111e-13 0.000000000000000000e+00
8.900000000000000000e+02 1.136899999999999932e-12 0.000000000000000000e+00
8.920000000000000000e+02 1.364199999999999983e-12 6.336000000000000298e+00
8.940000000000000000e+02 1.818999999999999822e-12 9.461000000000000298e+00
8.960000000000000000e+02 2.501099999999999915e-12 1.492999999999999972e+01
8.980000000000000000e+02 2.955899999999999956e-12 9.461000000000000298e+00
9.000000000000000000e+02 3.865400000000000069e-12 1.225799999999999912e+01
9.020000000000000000e+02 4.774899999999999778e-12 1.168800000000000061e+01
9.040000000000000000e+02 5.911700000000000346e-12 9.461000000000000298e+00
9.060000000000000000e+02 7.958099999999999381e-12 8.468799999999999883e+00
9.080000000000000000e+02 9.777100000000000415e-12 7.851600000000000357e+00
9.100000000000000000e+02 1.205100000000000025e-11 1.023399999999999999e+01
9.120000000000000000e+02 1.523400000000000072e-11 9.968799999999999883e+00
9.140000000000000000e+02 1.864500000000000063e-11 9.711000000000000298e+00
9.160000000000000000e+02 2.296500000000000161e-11 9.179800000000000182e+00
9.180000000000000000e+02 2.751200000000000152e-11 9.000099999999999767e+00
9.200000000000000000e+02 3.342400000000000137e-11 9.179800000000000182e+00
9.220000000000000000e+02 4.047299999999999688e-11 8.765700000000000713e+00
9.240000000000000000e+02 4.865799999999999886e-11 8.812599999999999767e+00
9.260000000000000000e+02 5.752599999999999863e-11 8.640700000000000713e+00
9.280000000000000000e+02 6.775800000000000269e-11 8.765700000000000713e+00
9.300000000000000000e+02 7.889899999999999813e-11 8.726599999999999469e+00
9.320000000000000000e+02 9.026799999999999786e-11 9.226599999999999469e+00
9.340000000000000000e+02 1.011800000000000063e-10 8.976599999999999469e+00
9.360000000000000000e+02 1.111900000000000058e-10 9.039099999999999469e+00
9.380000000000000000e+02 1.198299999999999884e-10 9.179800000000000182e+00
9.400000000000000000e+02 1.241500000000000056e-10 9.093799999999999883e+00
9.420000000000000000e+02 1.259700000000000055e-10 9.273500000000000298e+00
9.440000000000000000e+02 1.234600000000000059e-10 9.695399999999999352e+00
9.460000000000000000e+02 1.164199999999999971e-10 9.468799999999999883e+00
9.480000000000000000e+02 1.064099999999999975e-10 9.367300000000000182e+00
9.500000000000000000e+02 9.390600000000000639e-11 9.586000000000000298e+00
9.520000000000000000e+02 7.912599999999999384e-11 9.671900000000000830e+00
9.540000000000000000e+02 6.662099999999999411e-11 1.007000000000000028e+01
9.560000000000000000e+02 5.388800000000000303e-11 9.953200000000000713e+00
9.580000000000000000e+02 4.320099999999999899e-11 9.742300000000000182e+00
9.600000000000000000e+02 3.433400000000000133e-11 9.734400000000000830e+00
9.620000000000000000e+02 2.705800000000000042e-11 9.171900000000000830e+00
9.640000000000000000e+02 2.137299999999999950e-11 9.382899999999999352e+00
9.660000000000000000e+02 1.728000000000000069e-11 9.367300000000000182e+00
9.680000000000000000e+02 1.455199999999999858e-11 7.851600000000000357e+00
9.700000000000000000e+02 1.182399999999999970e-11 7.218799999999999883e+00
9.720000000000000000e+02 9.549699999999999991e-12 8.968799999999999883e+00
9.740000000000000000e+02 7.958099999999999381e-12 7.117200000000000415e+00
9.760000000000000000e+02 7.275999999999999289e-12 5.195299999999999585e+00
9.780000000000000000e+02 5.911700000000000346e-12 4.757799999999999585e+00
9.800000000000000000e+02 4.774899999999999778e-12 5.711000000000000298e+00
9.820000000000000000e+02 4.547500000000000161e-12 8.125099999999999767e+00
9.840000000000000000e+02 4.320099999999999737e-12 2.195300000000000029e+00
9.860000000000000000e+02 3.183299999999999977e-12 8.531299999999999883e+00
9.880000000000000000e+02 3.183299999999999977e-12 1.130499999999999972e+01
9.900000000000000000e+02 2.955899999999999956e-12 8.968799999999999883e+00
9.920000000000000000e+02 2.728499999999999935e-12 1.323399999999999999e+01
9.940000000000000000e+02 2.728499999999999935e-12 1.323399999999999999e+01
9.960000000000000000e+02 2.046399999999999843e-12 4.390699999999999825e+00
9.980000000000000000e+02 2.273799999999999863e-12 4.078199999999999825e+00
1.000000000000000000e+03 2.273799999999999863e-12 1.209399999999999942e+01
1.002000000000000000e+03 1.818999999999999822e-12 -4.765699999999999825e+00
1.004000000000000000e+03 1.818999999999999822e-12 0.000000000000000000e+00
1.006000000000000000e+03 1.136899999999999932e-12 7.117200000000000415e+00
1.008000000000000000e+03 1.364199999999999983e-12 1.842999999999999972e+01
1.010000000000000000e+03 1.136899999999999932e-12 2.319500000000000028e+01
1.012000000000000000e+03 1.591600000000000004e-12 5.711000000000000298e+00
1.014000000000000000e+03 1.818999999999999822e-12 0.000000000000000000e+00
1.016000000000000000e+03 1.364199999999999983e-12 -6.343799999999999883e+00
1.018000000000000000e+03 1.364199999999999983e-12 6.336000000000000298e+00
1.020000000000000000e+03 1.136899999999999932e-12 2.655499999999999972e+01
1.022000000000000000e+03 4.547499999999999556e-13 1.403100000000000058e+01
1.024000000000000000e+03 1.136899999999999932e-12 2.319500000000000028e+01
1.026000000000000000e+03 4.547499999999999556e-13 1.403100000000000058e+01
1.028000000000000000e+03 6.821200000000000258e-13 1.130499999999999972e+01
1.030000000000000000e+03 9.094999999999999111e-13 0.000000000000000000e+00
1.032000000000000000e+03 1.136899999999999932e-12 1.594500000000000028e+01
1.034000000000000000e+03 6.821200000000000258e-13 0.000000000000000000e+00
1.036000000000000000e+03 1.136899999999999932e-12 8.125099999999999767e+00
1.038000000000000000e+03 1.136899999999999932e-12 -1.595299999999999940e+01
1.040000000000000000e+03 9.094999999999999111e-13 -9.468799999999999883e+00
1.042000000000000000e+03 4.547499999999999556e-13 -1.843799999999999883e+01
1.044000000000000000e+03 4.547499999999999556e-13 0.000000000000000000e+00
1.046000000000000000e+03 9.094999999999999111e-13 1.842999999999999972e+01
1.048000000000000000e+03 6.821200000000000258e-13 0.000000000000000000e+00
1.050000000000000000e+03 3.637999999999999645e-12 1.030499999999999972e+01
1.052000000000000000e+03 1.000399999999999978e-11 1.130499999999999972e+01
1.054000000000000000e+03 1.227800000000000080e-11 9.203200000000000713e+00
1.056000000000000000e+03 2.046399999999999843e-11 9.843799999999999883e+00
1.058000000000000000e+03 2.296500000000000161e-11 8.773500000000000298e+00
1.060000000000000000e+03 2.160100000000000055e-11 8.875099999999999767e+00
