8.000000000000000000e+02 4.547499999999999556e-13 0.000000000000000000e+00
8.020000000000000000e+02 4.547499999999999556e-13 1.403100000000000058e+01
8.040000000000000000e+02 2.273699999999999945e-13 2.655499999999999972e+01
8.060000000000000000e+02 2.273699999999999945e-13 1.165600000000000023e+02
8.080000000000000000e+02 0.000000000000000000e+00 0.000000000000000000e+00
8.100000000000000000e+02 0.000000000000000000e+00 4.499199999999999733e+01
8.120000000000000000e+02 2.273699999999999945e-13 -1.165600000000000023e+02
8.140000000000000000e+02 2.273699999999999945e-13 -6.343800000000000239e+01
8.160000000000000000e+02 0.000000000000000000e+00 -9.000100000000000477e+01
8.180000000000000000e+02 0.000000000000000000e+00 -1.350000000000000000e+02
8.200000000000000000e+02 0.000000000000000000e+00 -4.500000000000000000e+01
8.220000000000000000e+02 0.000000000000000000e+00 4.499199999999999733e+01
8.240000000000000000e+02 2.273699999999999945e-13 0.000000000000000000e+00
8.260000000000000000e+02 0.000000000000000000e+00 -9.000100000000000477e+01
8.280000000000000000e+02 2.273699999999999945e-13 0.000000000000000000e+00
8.300000000000000000e+02 2.273699999999999945e-13 -2.656299999999999883e+01
8.320000000000000000e+02 4.547499999999999556e-13 0.000000000000000000e+00
8.340000000000000000e+02 2.273699999999999945e-13 -6.343800000000000239e+01
8.360000000000000000e+02 2.273699999999999945e-13 -2.656299999999999883e+01
8.380000000000000000e+02 4.547499999999999556e-13 -1.403899999999999970e+01
8.400000000000000000e+02 0.000000000000000000e+00 -4.500000000000000000e+01
8.420000000000000000e+02 4.547499999999999556e-13 0.000000000000000000e+00
8.440000000000000000e+02 4.547499999999999556e-13 -1.403899999999999970e+01
8.460000000000000000e+02 2.273699999999999945e-13 0.000000000000000000e+00
8.480000000000000000e+02 6.821200000000000258e-13 0.000000000000000000e+00
8.500000000000000000e+02 9.094999999999999111e-13 1.842999999999999972e+01
8.520000000000000000e+02 6.821200000000000258e-13 1.130499999999999972e+01
8.540000000000000000e+02 1.364199999999999983e-12 1.252399999999999913e+01
8.560000000000000000e+02 1.364199999999999983e-12 6.336000000000000298e+00
8.580000000000000000e+02 1.136899999999999932e-12 0.000000000000000000e+00
8.600000000000000000e+02 1.591600000000000004e-12 1.130499999999999972e+01
8.620000000000000000e+02 1.818999999999999822e-12 1.030499999999999972e+01
8.640000000000000000e+02 2.273799999999999863e-12 1.709400000000000119e+01
8.660000000000000000e+02 2.501099999999999915e-12 7.117200000000000415e+00
8.680000000000000000e+02 2.501099999999999915e-12 3.570300000000000029e+00
8.700000000000000000e+02 2.728499999999999935e-12 1.323399999999999999e+01
8.720000000000000000e+02 2.955899999999999956e-12 6.336000000000000298e+00
8.740000000000000000e+02 2.955899999999999956e-12 6.336000000000000298e+00
8.760000000000000000e+02 2.501099999999999915e-12 3.570300000000000029e+00
8.780000000000000000e+02 2.273799999999999863e-12 1.709400000000000119e+01
8.800000000000000000e+02 1.818999999999999822e-12 1.030499999999999972e+01
8.820000000000000000e+02 1.818999999999999822e-12 1.030499999999999972e+01
8.840000000000000000e+02 9.094999999999999111e-13 9.461000000000000298e+00
8.860000000000000000e+02 6.821200000000000258e-13 2.179700000000000060e+01
8.880000000000000000e+02 6.821200000000000258e-13 2.179700000000000060e+01
8.900000000000000000e+02 4.547499999999999556e-13 2.655499999999999972e+01
8.920000000000000000e+02 4.547499999999999556e-13 1.842999999999999972e+01
8.940000000000000000e+02 4.547499999999999556e-13 0.000000000000000000e+00
8.960000000000000000e+02 6.821200000000000258e-13 0.000000000000000000e+00
8.980000000000000000e+02 6.821200000000000258e-13 2.179700000000000060e+01
9.000000000000000000e+02 4.547499999999999556e-13 -1.843799999999999883e+01
9.020000000000000000e+02 4.547499999999999556e-13 -1.843799999999999883e+01
9.040000000000000000e+02 6.821200000000000258e-13 3.686699999999999733e+01
9.060000000000000000e+02 9.094999999999999111e-13 1.842999999999999972e+01
9.080000000000000000e+02 9.094999999999999111e-13 3.096099999999999852e+01
9.100000000000000000e+02 4.547499999999999556e-13 0.000000000000000000e+00
9.120000000000000000e+02 9.094999999999999111e-13 1.842999999999999972e+01
9.140000000000000000e+02 1.591600000000000004e-12 2.396099999999999852e+01
9.160000000000000000e+02 1.364199999999999983e-12 1.252399999999999913e+01
9.180000000000000000e+02 1.364199999999999983e-12 1.252399999999999913e+01
9.200000000000000000e+02 1.364199999999999983e-12 1.842999999999999972e+01
9.220000000000000000e+02 1.591600000000000004e-12 1.130499999999999972e+01
9.240000000000000000e+02 1.818999999999999822e-12 1.525000000000000000e+01
9.260000000000000000e+02 2.501099999999999915e-12 7.117200000000000415e+00
9.280000000000000000e+02 2.728499999999999935e-12 1.323399999999999999e+01
9.300000000000000000e+02 2.955899999999999956e-12 1.639099999999999824e+01
9.320000000000000000e+02 3.183299999999999977e-12 8.531299999999999883e+00
9.340000000000000000e+02 3.637999999999999645e-12 7.757799999999999585e+00
9.360000000000000000e+02 3.865400000000000069e-12 9.461000000000000298e+00
9.380000000000000000e+02 4.547500000000000161e-12 1.011700000000000088e+01
9.400000000000000000e+02 4.774899999999999778e-12 5.711000000000000298e+00
9.420000000000000000e+02 5.002199999999999829e-12 5.523500000000000298e+00
9.440000000000000000e+02 5.911700000000000346e-12 6.336000000000000298e+00
9.460000000000000000e+02 6.593900000000000004e-12 7.117200000000000415e+00
9.480000000000000000e+02 7.048599999999999672e-12 1.078100000000000058e+01
9.500000000000000000e+02 7.958099999999999381e-12 1.083600000000000030e+01
9.520000000000000000e+02 8.412900000000000230e-12 1.240600000000000058e+01
9.540000000000000000e+02 9.322400000000000747e-12 1.030499999999999972e+01
9.560000000000000000e+02 9.777100000000000415e-12 8.812599999999999767e+00
9.580000000000000000e+02 1.068699999999999919e-11 8.875099999999999767e+00
9.600000000000000000e+02 1.159600000000000027e-11 8.242300000000000182e+00
9.620000000000000000e+02 1.295999999999999971e-11 8.851599999999999469e+00
9.640000000000000000e+02 1.341499999999999969e-11 9.921900000000000830e+00
9.660000000000000000e+02 1.409700000000000021e-11 1.011700000000000088e+01
9.680000000000000000e+02 1.523400000000000072e-11 8.742300000000000182e+00
9.700000000000000000e+02 1.568900000000000070e-11 8.468799999999999883e+00
9.720000000000000000e+02 1.614400000000000068e-11 1.003899999999999970e+01
9.740000000000000000e+02 1.659799999999999854e-11 1.040600000000000058e+01
9.760000000000000000e+02 1.705299999999999852e-11 8.914099999999999469e+00
9.780000000000000000e+02 1.682599999999999959e-11 8.531299999999999883e+00
9.800000000000000000e+02 1.614400000000000068e-11 8.875099999999999767e+00
9.820000000000000000e+02 1.523400000000000072e-11 9.359400000000000830e+00
9.840000000000000000e+02 1.386999999999999967e-11 8.898500000000000298e+00
9.860000000000000000e+02 1.295999999999999971e-11 8.125099999999999767e+00
9.880000000000000000e+02 1.136899999999999972e-11 9.179800000000000182e+00
9.900000000000000000e+02 1.023199999999999921e-11 1.021899999999999942e+01
9.920000000000000000e+02 8.185499999999999806e-12 9.265700000000000713e+00
9.940000000000000000e+02 6.821200000000000056e-12 8.125099999999999767e+00
9.960000000000000000e+02 5.911700000000000346e-12 9.718799999999999883e+00
9.980000000000000000e+02 4.320099999999999737e-12 6.578199999999999825e+00
1.000000000000000000e+03 3.410600000000000028e-12 1.078100000000000058e+01
1.002000000000000000e+03 2.728499999999999935e-12 1.000000000000000000e+01
1.004000000000000000e+03 1.818999999999999822e-12 4.757799999999999585e+00
1.006000000000000000e+03 1.818999999999999822e-12 1.525000000000000000e+01
1.008000000000000000e+03 1.818999999999999822e-12 1.030499999999999972e+01
1.010000000000000000e+03 6.821200000000000258e-13 1.130499999999999972e+01
1.012000000000000000e+03 1.136899999999999932e-12 2.974200000000000088e+01
1.014000000000000000e+03 6.821200000000000258e-13 3.686699999999999733e+01
1.016000000000000000e+03 4.547499999999999556e-13 2.655499999999999972e+01
1.018000000000000000e+03 4.547499999999999556e-13 1.403100000000000058e+01
1.020000000000000000e+03 4.547499999999999556e-13 4.499199999999999733e+01
1.022000000000000000e+03 4.547499999999999556e-13 4.499199999999999733e+01
1.024000000000000000e+03 0.000000000000000000e+00 0.000000000000000000e+00
1.026000000000000000e+03 0.000000000000000000e+00 -9.000100000000000477e+01
1.028000000000000000e+03 4.547499999999999556e-13 -1.843799999999999883e+01
1.030000000000000000e+03 2.273699999999999945e-13 2.655499999999999972e+01
1.032000000000000000e+03 2.273699999999999945e-13 6.342999999999999972e+01
1.034000000000000000e+03 2.273699999999999945e-13 0.000000000000000000e+00
1.036000000000000000e+03 2.273699999999999945e-13 8.999299999999999500e+01
1.038000000000000000e+03 0.000000000000000000e+00 4.499199999999999733e+01
1.040000000000000000e+03 0.000000000000000000e+00 -4.500000000000000000e+01
1.042000000000000000e+03 0.000000000000000000e+00 4.499199999999999733e+01
1.044000000000000000e+03 2.273699999999999945e-13 0.000000000000000000e+00
1.046000000000000000e+03 4.547499999999999556e-13 -1.843799999999999883e+01
1.048000000000000000e+03 4.547499999999999556e-13 1.842999999999999972e+01
1.050000000000000000e+03 4.774899999999999778e-12 2.032000000000000028e+01
1.052000000000000000e+03 7.275999999999999289e-12 1.434399999999999942e+01
1.054000000000000000e+03 7.958099999999999381e-12 1.546100000000000030e+01
1.056000000000000000e+03 1.341499999999999969e-11 1.506300000000000061e+01
1.058000000000000000e+03 1.614400000000000068e-11 1.432000000000000028e+01
1.060000000000000000e+03 1.523400000000000072e-11 1.388299999999999912e+01
