8.000000000000000000e+02 2.955899999999999956e-12 1.842999999999999972e+01
8.020000000000000000e+02 1.818999999999999822e-12 9.461000000000000298e+00
8.040000000000000000e+02 1.136899999999999932e-12 1.403100000000000058e+01
8.060000000000000000e+02 1.591600000000000004e-12 1.669500000000000028e+01
8.080000000000000000e+02 2.273799999999999863e-12 8.125099999999999767e+00
8.100000000000000000e+02 3.637999999999999645e-12 7.429700000000000415e+00
8.120000000000000000e+02 5.456999999999999871e-12 6.703199999999999825e+00
8.140000000000000000e+02 8.867599999999999898e-12 9.632899999999999352e+00
8.160000000000000000e+02 1.364200000000000023e-11 9.000099999999999767e+00
8.180000000000000000e+02 2.069100000000000059e-11 9.226599999999999469e+00
8.200000000000000000e+02 2.887700000000000146e-11 9.242300000000000182e+00
8.220000000000000000e+02 3.728899999999999914e-11 9.461000000000000298e+00
8.240000000000000000e+02 4.388300000000000113e-11 9.601599999999999469e+00
8.260000000000000000e+02 4.729400000000000103e-11 9.093799999999999883e+00
8.280000000000000000e+02 4.615699999999999891e-11 9.726599999999999469e+00
8.300000000000000000e+02 4.160999999999999900e-11 9.648500000000000298e+00
8.320000000000000000e+02 3.501599999999999701e-11 9.281299999999999883e+00
8.340000000000000000e+02 2.728499999999999935e-11 9.406299999999999883e+00
8.360000000000000000e+02 2.046399999999999843e-11 8.390700000000000713e+00
8.380000000000000000e+02 1.477900000000000074e-11 9.039099999999999469e+00
8.400000000000000000e+02 9.777100000000000415e-12 9.773500000000000298e+00
8.420000000000000000e+02 6.593900000000000004e-12 7.117200000000000415e+00
8.440000000000000000e+02 4.774899999999999778e-12 9.773500000000000298e+00
8.460000000000000000e+02 3.637999999999999645e-12 1.339100000000000001e+01
8.480000000000000000e+02 2.501099999999999915e-12 1.403100000000000058e+01
8.500000000000000000e+02 2.046399999999999843e-12 4.390699999999999825e+00
8.520000000000000000e+02 1.364199999999999983e-12 0.000000000000000000e+00
8.540000000000000000e+02 1.136899999999999932e-12 8.125099999999999767e+00
8.560000000000000000e+02 6.821200000000000258e-13 0.000000000000000000e+00
8.580000000000000000e+02 4.547499999999999556e-13 2.655499999999999972e+01
8.600000000000000000e+02 4.547499999999999556e-13 1.403100000000000058e+01
8.620000000000000000e+02 6.821200000000000258e-13 0.000000000000000000e+00
8.640000000000000000e+02 4.547499999999999556e-13 2.655499999999999972e+01
8.660000000000000000e+02 4.547499999999999556e-13 0.000000000000000000e+00
8.680000000000000000e+02 4.547499999999999556e-13 1.842999999999999972e+01
8.700000000000000000e+02 4.547499999999999556e-13 0.000000000000000000e+00
8.720000000000000000e+02 4.547499999999999556e-13 1.842999999999999972e+01
8.740000000000000000e+02 0.000000000000000000e+00 -4.500000000000000000e+01
8.760000000000000000e+02 4.547499999999999556e-13 1.403100000000000058e+01
8.780000000000000000e+02 2.273699999999999945e-13 -2.656299999999999883e+01
8.800000000000000000e+02 2.273699999999999945e-13 -2.656299999999999883e+01
8.820000000000000000e+02 4.547499999999999556e-13 1.403100000000000058e+01
8.840000000000000000e+02 4.547499999999999556e-13 0.000000000000000000e+00
8.860000000000000000e+02 9.094999999999999111e-13 1.842999999999999972e+01
8.880000000000000000e+02 1.364199999999999983e-12 2.055499999999999972e+01
8.900000000000000000e+02 1.591600000000000004e-12 1.130499999999999972e+01
8.920000000000000000e+02 2.273799999999999863e-12 1.594500000000000028e+01
8.940000000000000000e+02 3.183299999999999977e-12 8.531299999999999883e+00
8.960000000000000000e+02 4.774899999999999778e-12 9.773500000000000298e+00
8.980000000000000000e+02 7.730800000000000138e-12 8.648500000000000298e+00
9.000000000000000000e+02 1.136899999999999972e-11 9.179800000000000182e+00
9.020000000000000000e+02 1.659799999999999854e-11 9.742300000000000182e+00
9.040000000000000000e+02 2.364700000000000052e-11 1.052399999999999913e+01
9.060000000000000000e+02 3.410599999999999705e-11 1.005499999999999972e+01
9.080000000000000000e+02 4.911299999999999884e-11 9.898500000000000298e+00
9.100000000000000000e+02 6.912199999999999405e-11 9.437599999999999767e+00
9.120000000000000000e+02 9.549700000000000637e-11 9.429800000000000182e+00
9.140000000000000000e+02 1.300599999999999882e-10 9.578200000000000713e+00
9.160000000000000000e+02 1.728099999999999957e-10 9.476599999999999469e+00
9.180000000000000000e+02 2.239599999999999949e-10 9.406299999999999883e+00
9.200000000000000000e+02 2.810399999999999932e-10 9.304800000000000182e+00
9.220000000000000000e+02 3.390199999999999832e-10 9.273500000000000298e+00
9.240000000000000000e+02 3.931300000000000166e-10 9.117300000000000182e+00
9.260000000000000000e+02 4.361000000000000243e-10 8.984400000000000830e+00
9.280000000000000000e+02 4.617999999999999976e-10 8.812599999999999767e+00
9.300000000000000000e+02 4.674800000000000235e-10 8.687599999999999767e+00
9.320000000000000000e+02 4.499699999999999981e-10 8.601599999999999469e+00
9.340000000000000000e+02 4.142799999999999901e-10 8.476599999999999469e+00
9.360000000000000000e+02 3.658499999999999826e-10 8.218799999999999883e+00
9.380000000000000000e+02 3.103699999999999839e-10 8.046900000000000830e+00
9.400000000000000000e+02 2.576199999999999851e-10 7.914100000000000357e+00
9.420000000000000000e+02 2.080499999999999950e-10 7.867200000000000415e+00
9.440000000000000000e+02 1.678000000000000047e-10 7.750000000000000000e+00
9.460000000000000000e+02 1.355199999999999880e-10 7.757799999999999585e+00
9.480000000000000000e+02 1.109599999999999973e-10 7.320299999999999585e+00
9.500000000000000000e+02 9.254100000000000645e-11 7.546899999999999942e+00
9.520000000000000000e+02 7.730700000000000249e-11 7.531299999999999883e+00
9.540000000000000000e+02 6.662099999999999411e-11 7.461000000000000298e+00
9.560000000000000000e+02 5.752599999999999863e-11 7.304700000000000415e+00
9.580000000000000000e+02 5.070500000000000094e-11 7.140699999999999825e+00
9.600000000000000000e+02 4.593000000000000321e-11 7.273500000000000298e+00
9.620000000000000000e+02 4.115499999999999902e-11 7.437500000000000000e+00
9.640000000000000000e+02 3.728899999999999914e-11 6.929700000000000415e+00
9.660000000000000000e+02 3.365199999999999918e-11 6.492200000000000415e+00
9.680000000000000000e+02 3.092300000000000142e-11 7.078199999999999825e+00
9.700000000000000000e+02 2.773999999999999933e-11 7.211000000000000298e+00
9.720000000000000000e+02 2.501100000000000157e-11 6.836000000000000298e+00
9.740000000000000000e+02 2.273799999999999944e-11 6.289100000000000357e+00
9.760000000000000000e+02 2.000899999999999845e-11 6.648500000000000298e+00
9.780000000000000000e+02 1.841699999999999958e-11 7.250000000000000000e+00
9.800000000000000000e+02 1.614400000000000068e-11 7.703199999999999825e+00
9.820000000000000000e+02 1.409700000000000021e-11 7.461000000000000298e+00
9.840000000000000000e+02 1.250600000000000023e-11 6.007799999999999585e+00
9.860000000000000000e+02 1.159600000000000027e-11 6.515699999999999825e+00
9.880000000000000000e+02 1.045899999999999976e-11 8.257899999999999352e+00
9.900000000000000000e+02 8.867599999999999898e-12 7.382799999999999585e+00
9.920000000000000000e+02 7.958099999999999381e-12 5.820299999999999585e+00
9.940000000000000000e+02 7.275999999999999289e-12 5.195299999999999585e+00
9.960000000000000000e+02 6.366500000000000388e-12 8.742300000000000182e+00
9.980000000000000000e+02 5.456999999999999871e-12 1.030499999999999972e+01
1.000000000000000000e+03 5.002199999999999829e-12 1.313299999999999912e+01
1.002000000000000000e+03 4.320099999999999737e-12 6.578199999999999825e+00
1.004000000000000000e+03 4.320099999999999737e-12 6.578199999999999825e+00
1.006000000000000000e+03 3.410600000000000028e-12 1.078100000000000058e+01
1.008000000000000000e+03 3.183299999999999977e-12 8.531299999999999883e+00
1.010000000000000000e+03 2.955899999999999956e-12 9.461000000000000298e+00
1.012000000000000000e+03 2.501099999999999915e-12 1.403100000000000058e+01
1.014000000000000000e+03 2.728499999999999935e-12 1.323399999999999999e+01
1.016000000000000000e+03 2.046399999999999843e-12 8.742300000000000182e+00
1.018000000000000000e+03 2.273799999999999863e-12 4.078199999999999825e+00
1.020000000000000000e+03 2.046399999999999843e-12 8.742300000000000182e+00
1.022000000000000000e+03 1.364199999999999983e-12 1.252399999999999913e+01
1.024000000000000000e+03 1.364199999999999983e-12 1.842999999999999972e+01
1.026000000000000000e+03 1.364199999999999983e-12 2.055499999999999972e+01
1.028000000000000000e+03 1.591600000000000004e-12 1.669500000000000028e+01
1.030000000000000000e+03 1.364199999999999983e-12 2.655499999999999972e+01
1.032000000000000000e+03 1.136899999999999932e-12 2.655499999999999972e+01
1.034000000000000000e+03 1.136899999999999932e-12 1.403100000000000058e+01
1.036000000000000000e+03 1.136899999999999932e-12 2.319500000000000028e+01
1.038000000000000000e+03 1.136899999999999932e-12 1.594500000000000028e+01
1.040000000000000000e+03 9.094999999999999111e-13 9.461000000000000298e+00
1.042000000000000000e+03 9.094999999999999111e-13 0.000000000000000000e+00
1.044000000000000000e+03 1.136899999999999932e-12 0.000000000000000000e+00
1.046000000000000000e+03 1.136899999999999932e-12 0.000000000000000000e+00
1.048000000000000000e+03 6.821200000000000258e-13 0.000000000000000000e+00
1.050000000000000000e+03 7.958099999999999381e-12 1.403100000000000058e+01
1.052000000000000000e+03 1.295999999999999971e-11 1.244500000000000028e+01
1.054000000000000000e+03 1.455199999999999858e-11 1.117999999999999972e+01
1.056000000000000000e+03 2.523899999999999939e-11 9.461000000000000298e+00
1.058000000000000000e+03 2.864900000000000041e-11 9.617300000000000182e+00
1.060000000000000000e+03 2.637600000000000151e-11 1.088299999999999912e+01
