8.000000000000000000e+02 1.136899999999999932e-12 7.117200000000000415e+00
8.020000000000000000e+02 6.821200000000000258e-13 2.179700000000000060e+01
8.040000000000000000e+02 4.547499999999999556e-13 0.000000000000000000e+00
8.060000000000000000e+02 2.273699999999999945e-13 0.000000000000000000e+00
8.080000000000000000e+02 4.547499999999999556e-13 1.842999999999999972e+01
8.100000000000000000e+02 4.547499999999999556e-13 0.000000000000000000e+00
8.120000000000000000e+02 4.547499999999999556e-13 0.000000000000000000e+00
8.140000000000000000e+02 4.547499999999999556e-13 1.403100000000000058e+01
8.160000000000000000e+02 0.000000000000000000e+00 4.499199999999999733e+01
8.180000000000000000e+02 4.547499999999999556e-13 0.000000000000000000e+00
8.200000000000000000e+02 6.821200000000000258e-13 0.000000000000000000e+00
8.220000000000000000e+02 1.136899999999999932e-12 0.000000000000000000e+00
8.240000000000000000e+02 1.818999999999999822e-12 5.195299999999999585e+00
8.260000000000000000e+02 1.818999999999999822e-12 4.757799999999999585e+00
8.280000000000000000e+02 2.728499999999999935e-12 1.000000000000000000e+01
8.300000000000000000e+02 2.955899999999999956e-12 9.461000000000000298e+00
8.320000000000000000e+02 3.637999999999999645e-12 1.279700000000000060e+01
8.340000000000000000e+02 4.774899999999999778e-12 1.209399999999999942e+01
8.360000000000000000e+02 5.456999999999999871e-12 1.196899999999999942e+01
8.380000000000000000e+02 6.366500000000000388e-12 8.742300000000000182e+00
8.400000000000000000e+02 7.275999999999999289e-12 7.757799999999999585e+00
8.420000000000000000e+02 8.412900000000000230e-12 5.593799999999999883e+00
8.440000000000000000e+02 8.867599999999999898e-12 7.382799999999999585e+00
8.460000000000000000e+02 9.322400000000000747e-12 8.273500000000000298e+00
8.480000000000000000e+02 8.640300000000000655e-12 7.664100000000000357e+00
8.500000000000000000e+02 7.503399999999999713e-12 1.130499999999999972e+01
8.520000000000000000e+02 6.593900000000000004e-12 7.117200000000000415e+00
8.540000000000000000e+02 5.456999999999999871e-12 8.359400000000000830e+00
8.560000000000000000e+02 4.320099999999999737e-12 8.429800000000000182e+00
8.580000000000000000e+02 3.183299999999999977e-12 1.130499999999999972e+01
8.600000000000000000e+02 2.501099999999999915e-12 1.842999999999999972e+01
8.620000000000000000e+02 1.591600000000000004e-12 0.000000000000000000e+00
8.640000000000000000e+02 1.136899999999999932e-12 1.594500000000000028e+01
8.660000000000000000e+02 1.136899999999999932e-12 8.125099999999999767e+00
8.680000000000000000e+02 6.821200000000000258e-13 2.179700000000000060e+01
8.700000000000000000e+02 4.547499999999999556e-13 1.403100000000000058e+01
8.720000000000000000e+02 4.547499999999999556e-13 1.403100000000000058e+01
8.740000000000000000e+02 4.547499999999999556e-13 1.842999999999999972e+01
8.760000000000000000e+02 4.547499999999999556e-13 0.000000000000000000e+00
8.780000000000000000e+02 6.821200000000000258e-13 0.000000000000000000e+00
8.800000000000000000e+02 6.821200000000000258e-13 0.000000000000000000e+00
8.820000000000000000e+02 4.547499999999999556e-13 3.368800000000000239e+01
8.840000000000000000e+02 9.094999999999999111e-13 3.096099999999999852e+01
8.860000000000000000e+02 1.136899999999999932e-12 2.655499999999999972e+01
8.880000000000000000e+02 9.094999999999999111e-13 1.842999999999999972e+01
8.900000000000000000e+02 1.136899999999999932e-12 8.125099999999999767e+00
8.920000000000000000e+02 1.591600000000000004e-12 2.396099999999999852e+01
8.940000000000000000e+02 1.591600000000000004e-12 1.130499999999999972e+01
8.960000000000000000e+02 1.591600000000000004e-12 1.130499999999999972e+01
8.980000000000000000e+02 2.046399999999999843e-12 8.742300000000000182e+00
9.000000000000000000e+02 2.273799999999999863e-12 1.130499999999999972e+01
9.020000000000000000e+02 2.955899999999999956e-12 1.188299999999999912e+01
9.040000000000000000e+02 3.637999999999999645e-12 9.859400000000000830e+00
9.060000000000000000e+02 4.774899999999999778e-12 7.851600000000000357e+00
9.080000000000000000e+02 5.684400000000000295e-12 1.163299999999999912e+01
9.100000000000000000e+02 6.821200000000000056e-12 1.370299999999999940e+01
9.120000000000000000e+02 8.185499999999999806e-12 1.375799999999999912e+01
9.140000000000000000e+02 1.023199999999999921e-11 1.112500000000000000e+01
9.160000000000000000e+02 1.227800000000000080e-11 1.252399999999999913e+01
9.180000000000000000e+02 1.432499999999999965e-11 1.065600000000000058e+01
9.200000000000000000e+02 1.705299999999999852e-11 1.228100000000000058e+01
9.220000000000000000e+02 2.046399999999999843e-11 1.212500000000000000e+01
9.240000000000000000e+02 2.432899999999999943e-11 1.184399999999999942e+01
9.260000000000000000e+02 3.001300000000000146e-11 1.180499999999999972e+01
9.280000000000000000e+02 3.478799999999999919e-11 1.217200000000000060e+01
9.300000000000000000e+02 4.047299999999999688e-11 1.181300000000000061e+01
9.320000000000000000e+02 4.706699999999999887e-11 1.202399999999999913e+01
9.340000000000000000e+02 5.411499999999999873e-11 1.185899999999999999e+01
9.360000000000000000e+02 6.230100000000000282e-11 1.169500000000000028e+01
9.380000000000000000e+02 7.116799999999999402e-11 1.172700000000000031e+01
9.400000000000000000e+02 8.026300000000000242e-11 1.172700000000000031e+01
9.420000000000000000e+02 8.913100000000000220e-11 1.172700000000000031e+01
9.440000000000000000e+02 9.663400000000000203e-11 1.192200000000000060e+01
9.460000000000000000e+02 1.036799999999999977e-10 1.213299999999999912e+01
9.480000000000000000e+02 1.084600000000000060e-10 1.232799999999999940e+01
9.500000000000000000e+02 1.109599999999999973e-10 1.211700000000000088e+01
9.520000000000000000e+02 1.102800000000000059e-10 1.227399999999999913e+01
9.540000000000000000e+02 1.059600000000000017e-10 1.269500000000000028e+01
9.560000000000000000e+02 9.890800000000000628e-11 1.253899999999999970e+01
9.580000000000000000e+02 9.003999999999999358e-11 1.292200000000000060e+01
9.600000000000000000e+02 7.821700000000000245e-11 1.264100000000000001e+01
9.620000000000000000e+02 6.707599999999999409e-11 1.289899999999999913e+01
9.640000000000000000e+02 5.479700000000000087e-11 1.314899999999999913e+01
9.660000000000000000e+02 4.411099999999999894e-11 1.257000000000000028e+01
9.680000000000000000e+02 3.478799999999999919e-11 1.243800000000000061e+01
9.700000000000000000e+02 2.660300000000000044e-11 1.264100000000000001e+01
9.720000000000000000e+02 2.069100000000000059e-11 1.247700000000000031e+01
9.740000000000000000e+02 1.614400000000000068e-11 1.316399999999999970e+01
9.760000000000000000e+02 1.227800000000000080e-11 1.175799999999999912e+01
9.780000000000000000e+02 9.322400000000000747e-12 1.209399999999999942e+01
9.800000000000000000e+02 7.275999999999999289e-12 1.155499999999999972e+01
9.820000000000000000e+02 5.911700000000000346e-12 9.718799999999999883e+00
9.840000000000000000e+02 4.774899999999999778e-12 7.851600000000000357e+00
9.860000000000000000e+02 3.637999999999999645e-12 1.279700000000000060e+01
9.880000000000000000e+02 2.955899999999999956e-12 1.188299999999999912e+01
9.900000000000000000e+02 2.046399999999999843e-12 8.742300000000000182e+00
9.920000000000000000e+02 2.046399999999999843e-12 8.742300000000000182e+00
9.940000000000000000e+02 1.591600000000000004e-12 1.130499999999999972e+01
9.960000000000000000e+02 1.364199999999999983e-12 1.252399999999999913e+01
9.980000000000000000e+02 1.136899999999999932e-12 7.117200000000000415e+00
1.000000000000000000e+03 1.136899999999999932e-12 7.117200000000000415e+00
1.002000000000000000e+03 9.094999999999999111e-13 1.842999999999999972e+01
1.004000000000000000e+03 4.547499999999999556e-13 1.403100000000000058e+01
1.006000000000000000e+03 6.821200000000000258e-13 1.130499999999999972e+01
1.008000000000000000e+03 6.821200000000000258e-13 1.130499999999999972e+01
1.010000000000000000e+03 4.547499999999999556e-13 -2.656299999999999883e+01
1.012000000000000000e+03 4.547499999999999556e-13 0.000000000000000000e+00
1.014000000000000000e+03 4.547499999999999556e-13 0.000000000000000000e+00
1.016000000000000000e+03 6.821200000000000258e-13 1.130499999999999972e+01
1.018000000000000000e+03 4.547499999999999556e-13 0.000000000000000000e+00
1.020000000000000000e+03 4.547499999999999556e-13 1.842999999999999972e+01
1.022000000000000000e+03 4.547499999999999556e-13 0.000000000000000000e+00
1.024000000000000000e+03 6.821200000000000258e-13 -1.131300000000000061e+01
1.026000000000000000e+03 4.547499999999999556e-13 0.000000000000000000e+00
1.028000000000000000e+03 4.547499999999999556e-13 3.368800000000000239e+01
1.030000000000000000e+03 6.821200000000000258e-13 3.686699999999999733e+01
1.032000000000000000e+03 2.273699999999999945e-13 0.000000000000000000e+00
1.034000000000000000e+03 0.000000000000000000e+00 -4.500000000000000000e+01
1.036000000000000000e+03 2.273699999999999945e-13 -2.656299999999999883e+01
1.038000000000000000e+03 4.547499999999999556e-13 0.000000000000000000e+00
1.040000000000000000e+03 4.547499999999999556e-13 1.403100000000000058e+01
1.042000000000000000e+03 4.547499999999999556e-13 1.842999999999999972e+01
1.044000000000000000e+03 4.547499999999999556e-13 3.368800000000000239e+01
1.046000000000000000e+03 4.547499999999999556e-13 1.403100000000000058e+01
1.048000000000000000e+03 4.547499999999999556e-13 1.403100000000000058e+01
1.050000000000000000e+03 2.955899999999999956e-12 0.000000000000000000e+00
1.052000000000000000e+03 6.821200000000000056e-12 1.390600000000000058e+00
1.054000000000000000e+03 8.412900000000000230e-12 2.242199999999999971e+00
1.056000000000000000e+03 1.432499999999999965e-11 3.984399999999999942e+00
1.058000000000000000e+03 1.796299999999999848e-11 3.179699999999999971e+00
1.060000000000000000e+03 1.728000000000000069e-11 3.265600000000000058e+00
