8.000000000000000000e+02 1.818999999999999822e-12 2.179700000000000060e+01
8.020000000000000000e+02 1.364199999999999983e-12 0.000000000000000000e+00
8.040000000000000000e+02 4.547499999999999556e-13 0.000000000000000000e+00
8.060000000000000000e+02 4.547499999999999556e-13 -2.656299999999999883e+01
8.080000000000000000e+02 9.094999999999999111e-13 -3.096900000000000119e+01
8.100000000000000000e+02 9.094999999999999111e-13 -9.468799999999999883e+00
8.120000000000000000e+02 9.094999999999999111e-13 0.000000000000000000e+00
8.140000000000000000e+02 1.136899999999999932e-12 -1.403899999999999970e+01
8.160000000000000000e+02 1.818999999999999822e-12 0.000000000000000000e+00
8.180000000000000000e+02 2.273799999999999863e-12 1.209399999999999942e+01
8.200000000000000000e+02 3.183299999999999977e-12 2.859399999999999942e+00
8.220000000000000000e+02 4.774899999999999778e-12 7.851600000000000357e+00
8.240000000000000000e+02 5.911700000000000346e-12 7.906299999999999883e+00
8.260000000000000000e+02 7.275999999999999289e-12 7.593799999999999883e+00
8.280000000000000000e+02 9.777100000000000415e-12 9.773500000000000298e+00
8.300000000000000000e+02 1.205100000000000025e-11 9.461000000000000298e+00
8.320000000000000000e+02 1.386999999999999967e-11 9.570399999999999352e+00
8.340000000000000000e+02 1.591599999999999963e-11 7.789100000000000357e+00
8.360000000000000000e+02 1.728000000000000069e-11 7.664100000000000357e+00
8.380000000000000000e+02 1.705299999999999852e-11 9.461000000000000298e+00
8.400000000000000000e+02 1.614400000000000068e-11 8.296900000000000830e+00
8.420000000000000000e+02 1.409700000000000021e-11 8.789099999999999469e+00
8.440000000000000000e+02 1.182399999999999970e-11 8.125099999999999767e+00
8.460000000000000000e+02 9.095000000000000323e-12 1.049200000000000088e+01
8.480000000000000000e+02 6.821200000000000056e-12 6.789100000000000357e+00
8.500000000000000000e+02 5.229600000000000254e-12 1.095299999999999940e+01
8.520000000000000000e+02 3.637999999999999645e-12 1.594500000000000028e+01
8.540000000000000000e+02 2.273799999999999863e-12 4.078199999999999825e+00
8.560000000000000000e+02 1.818999999999999822e-12 4.757799999999999585e+00
8.580000000000000000e+02 1.136899999999999932e-12 8.125099999999999767e+00
8.600000000000000000e+02 1.136899999999999932e-12 -8.132899999999999352e+00
8.620000000000000000e+02 4.547499999999999556e-13 0.000000000000000000e+00
8.640000000000000000e+02 4.547499999999999556e-13 4.499199999999999733e+01
8.660000000000000000e+02 4.547499999999999556e-13 0.000000000000000000e+00
8.680000000000000000e+02 4.547499999999999556e-13 0.000000000000000000e+00
8.700000000000000000e+02 4.547499999999999556e-13 -1.843799999999999883e+01
8.720000000000000000e+02 4.547499999999999556e-13 4.499199999999999733e+01
8.740000000000000000e+02 4.547499999999999556e-13 -4.500000000000000000e+01
8.760000000000000000e+02 6.821200000000000258e-13 1.130499999999999972e+01
8.780000000000000000e+02 4.547499999999999556e-13 4.499199999999999733e+01
8.800000000000000000e+02 0.000000000000000000e+00 -4.500000000000000000e+01
8.820000000000000000e+02 2.273699999999999945e-13 -2.656299999999999883e+01
8.840000000000000000e+02 6.821200000000000258e-13 0.000000000000000000e+00
8.860000000000000000e+02 4.547499999999999556e-13 -1.843799999999999883e+01
8.880000000000000000e+02 4.547499999999999556e-13 2.655499999999999972e+01
8.900000000000000000e+02 1.591600000000000004e-12 1.669500000000000028e+01
8.920000000000000000e+02 1.818999999999999822e-12 9.461000000000000298e+00
8.940000000000000000e+02 2.273799999999999863e-12 1.709400000000000119e+01
8.960000000000000000e+02 2.728499999999999935e-12 1.000000000000000000e+01
8.980000000000000000e+02 4.092700000000000120e-12 1.130499999999999972e+01
9.000000000000000000e+02 4.774899999999999778e-12 9.773500000000000298e+00
9.020000000000000000e+02 6.366500000000000388e-12 8.742300000000000182e+00
9.040000000000000000e+02 7.958099999999999381e-12 9.461000000000000298e+00
9.060000000000000000e+02 1.023199999999999921e-11 1.202399999999999913e+01
9.080000000000000000e+02 1.227800000000000080e-11 1.085899999999999999e+01
9.100000000000000000e+02 1.614400000000000068e-11 1.119500000000000028e+01
9.120000000000000000e+02 2.046399999999999843e-11 1.075799999999999912e+01
9.140000000000000000e+02 2.523899999999999939e-11 1.020299999999999940e+01
9.160000000000000000e+02 3.160499999999999710e-11 1.089100000000000001e+01
9.180000000000000000e+02 3.865399999999999907e-11 1.091399999999999970e+01
9.200000000000000000e+02 4.729400000000000103e-11 1.055499999999999972e+01
9.220000000000000000e+02 5.729800000000000081e-11 1.104700000000000060e+01
9.240000000000000000e+02 6.912199999999999405e-11 1.079700000000000060e+01
9.260000000000000000e+02 8.367400000000000232e-11 1.146100000000000030e+01
9.280000000000000000e+02 9.777099999999999769e-11 1.147700000000000031e+01
9.300000000000000000e+02 1.130100000000000058e-10 1.137500000000000000e+01
9.320000000000000000e+02 1.291499999999999883e-10 1.152399999999999913e+01
9.340000000000000000e+02 1.425599999999999968e-10 1.172700000000000031e+01
9.360000000000000000e+02 1.557500000000000050e-10 1.190600000000000058e+01
9.380000000000000000e+02 1.639400000000000046e-10 1.189100000000000001e+01
9.400000000000000000e+02 1.687100000000000047e-10 1.214100000000000001e+01
9.420000000000000000e+02 1.678000000000000047e-10 1.250000000000000000e+01
9.440000000000000000e+02 1.571199999999999961e-10 1.261700000000000088e+01
9.460000000000000000e+02 1.457499999999999878e-10 1.287500000000000000e+01
9.480000000000000000e+02 1.275599999999999969e-10 1.319500000000000028e+01
9.500000000000000000e+02 1.080000000000000019e-10 1.336700000000000088e+01
9.520000000000000000e+02 9.049499999999999356e-11 1.308600000000000030e+01
9.540000000000000000e+02 7.230500000000000260e-11 1.332799999999999940e+01
9.560000000000000000e+02 5.752599999999999863e-11 1.286700000000000088e+01
9.580000000000000000e+02 4.456599999999999892e-11 1.294500000000000028e+01
9.600000000000000000e+02 3.456099999999999703e-11 1.276600000000000001e+01
9.620000000000000000e+02 2.773999999999999933e-11 1.278100000000000058e+01
9.640000000000000000e+02 2.137299999999999950e-11 1.113299999999999912e+01
9.660000000000000000e+02 1.728000000000000069e-11 1.098399999999999999e+01
9.680000000000000000e+02 1.432499999999999965e-11 1.065600000000000058e+01
9.700000000000000000e+02 1.136899999999999972e-11 1.082000000000000028e+01
9.720000000000000000e+02 9.777100000000000415e-12 1.055499999999999972e+01
9.740000000000000000e+02 7.958099999999999381e-12 9.656299999999999883e+00
9.760000000000000000e+02 7.275999999999999289e-12 7.757799999999999585e+00
9.780000000000000000e+02 5.911700000000000346e-12 7.906299999999999883e+00
9.800000000000000000e+02 5.002199999999999829e-12 9.156299999999999883e+00
9.820000000000000000e+02 4.774899999999999778e-12 5.711000000000000298e+00
9.840000000000000000e+02 4.547500000000000161e-12 6.109399999999999942e+00
9.860000000000000000e+02 3.865400000000000069e-12 1.225799999999999912e+01
9.880000000000000000e+02 3.410600000000000028e-12 8.125099999999999767e+00
9.900000000000000000e+02 3.637999999999999645e-12 1.594500000000000028e+01
9.920000000000000000e+02 2.955899999999999956e-12 1.252399999999999913e+01
9.940000000000000000e+02 2.273799999999999863e-12 7.593799999999999883e+00
9.960000000000000000e+02 2.501099999999999915e-12 1.492999999999999972e+01
9.980000000000000000e+02 2.273799999999999863e-12 1.130499999999999972e+01
1.000000000000000000e+03 2.273799999999999863e-12 7.593799999999999883e+00
1.002000000000000000e+03 2.273799999999999863e-12 1.709400000000000119e+01
1.004000000000000000e+03 1.591600000000000004e-12 1.130499999999999972e+01
1.006000000000000000e+03 1.591600000000000004e-12 5.711000000000000298e+00
1.008000000000000000e+03 1.364199999999999983e-12 2.055499999999999972e+01
1.010000000000000000e+03 1.136899999999999932e-12 0.000000000000000000e+00
1.012000000000000000e+03 1.136899999999999932e-12 1.594500000000000028e+01
1.014000000000000000e+03 1.136899999999999932e-12 2.319500000000000028e+01
1.016000000000000000e+03 1.136899999999999932e-12 0.000000000000000000e+00
1.018000000000000000e+03 1.364199999999999983e-12 6.336000000000000298e+00
1.020000000000000000e+03 1.136899999999999932e-12 2.655499999999999972e+01
1.022000000000000000e+03 1.136899999999999932e-12 -7.125000000000000000e+00
1.024000000000000000e+03 1.136899999999999932e-12 1.403100000000000058e+01
1.026000000000000000e+03 1.136899999999999932e-12 8.125099999999999767e+00
1.028000000000000000e+03 9.094999999999999111e-13 0.000000000000000000e+00
1.030000000000000000e+03 1.136899999999999932e-12 1.403100000000000058e+01
1.032000000000000000e+03 1.136899999999999932e-12 1.403100000000000058e+01
1.034000000000000000e+03 9.094999999999999111e-13 1.842999999999999972e+01
1.036000000000000000e+03 1.136899999999999932e-12 3.368800000000000239e+01
1.038000000000000000e+03 6.821200000000000258e-13 0.000000000000000000e+00
1.040000000000000000e+03 4.547499999999999556e-13 0.000000000000000000e+00
1.042000000000000000e+03 6.821200000000000258e-13 3.686699999999999733e+01
1.044000000000000000e+03 4.547499999999999556e-13 0.000000000000000000e+00
1.046000000000000000e+03 6.821200000000000258e-13 0.000000000000000000e+00
1.048000000000000000e+03 1.136899999999999932e-12 0.000000000000000000e+00
1.050000000000000000e+03 3.865400000000000069e-12 7.117200000000000415e+00
1.052000000000000000e+03 8.185499999999999806e-12 7.961000000000000298e+00
1.054000000000000000e+03 1.023199999999999921e-11 7.468799999999999883e+00
1.056000000000000000e+03 1.796299999999999848e-11 8.429800000000000182e+00
1.058000000000000000e+03 2.205499999999999841e-11 7.757799999999999585e+00
1.060000000000000000e+03 2.114600000000000057e-11 7.625000000000000000e+00
