8.000000000000000000e+02 9.094999999999999111e-13 -9.468799999999999883e+00
8.020000000000000000e+02 6.821200000000000258e-13 -3.687500000000000000e+01
8.040000000000000000e+02 4.547499999999999556e-13 -1.843799999999999883e+01
8.060000000000000000e+02 4.547499999999999556e-13 1.842999999999999972e+01
8.080000000000000000e+02 4.547499999999999556e-13 4.499199999999999733e+01
8.100000000000000000e+02 0.000000000000000000e+00 -4.500000000000000000e+01
8.120000000000000000e+02 2.273699999999999945e-13 0.000000000000000000e+00
8.140000000000000000e+02 4.547499999999999556e-13 0.000000000000000000e+00
8.160000000000000000e+02 4.547499999999999556e-13 0.000000000000000000e+00
8.180000000000000000e+02 4.547499999999999556e-13 3.368800000000000239e+01
8.200000000000000000e+02 6.821200000000000258e-13 0.000000000000000000e+00
8.220000000000000000e+02 6.821200000000000258e-13 -1.131300000000000061e+01
8.240000000000000000e+02 1.136899999999999932e-12 8.125099999999999767e+00
8.260000000000000000e+02 1.364199999999999983e-12 0.000000000000000000e+00
8.280000000000000000e+02 1.591600000000000004e-12 1.130499999999999972e+01
8.300000000000000000e+02 1.591600000000000004e-12 1.130499999999999972e+01
8.320000000000000000e+02 2.273799999999999863e-12 1.130499999999999972e+01
8.340000000000000000e+02 2.501099999999999915e-12 1.492999999999999972e+01
8.360000000000000000e+02 2.955899999999999956e-12 1.188299999999999912e+01
8.380000000000000000e+02 3.865400000000000069e-12 7.117200000000000415e+00
8.400000000000000000e+02 4.320099999999999737e-12 8.742300000000000182e+00
8.420000000000000000e+02 5.456999999999999871e-12 8.359400000000000830e+00
8.440000000000000000e+02 6.366500000000000388e-12 7.304700000000000415e+00
8.460000000000000000e+02 7.503399999999999713e-12 1.007799999999999940e+01
8.480000000000000000e+02 7.958099999999999381e-12 9.461000000000000298e+00
8.500000000000000000e+02 8.185499999999999806e-12 1.153100000000000058e+01
8.520000000000000000e+02 8.185499999999999806e-12 9.265700000000000713e+00
8.540000000000000000e+02 7.503399999999999713e-12 8.836000000000000298e+00
8.560000000000000000e+02 6.593900000000000004e-12 1.017200000000000060e+01
8.580000000000000000e+02 5.456999999999999871e-12 1.030499999999999972e+01
8.600000000000000000e+02 4.774899999999999778e-12 1.168800000000000061e+01
8.620000000000000000e+02 3.637999999999999645e-12 1.339100000000000001e+01
8.640000000000000000e+02 2.955899999999999956e-12 1.943799999999999883e+01
8.660000000000000000e+02 1.818999999999999822e-12 9.461000000000000298e+00
8.680000000000000000e+02 1.364199999999999983e-12 1.252399999999999913e+01
8.700000000000000000e+02 1.136899999999999932e-12 8.125099999999999767e+00
8.720000000000000000e+02 1.136899999999999932e-12 1.594500000000000028e+01
8.740000000000000000e+02 1.136899999999999932e-12 0.000000000000000000e+00
8.760000000000000000e+02 9.094999999999999111e-13 3.096099999999999852e+01
8.780000000000000000e+02 9.094999999999999111e-13 1.842999999999999972e+01
8.800000000000000000e+02 4.547499999999999556e-13 -1.843799999999999883e+01
8.820000000000000000e+02 4.547499999999999556e-13 0.000000000000000000e+00
8.840000000000000000e+02 4.547499999999999556e-13 1.403100000000000058e+01
8.860000000000000000e+02 2.273699999999999945e-13 2.655499999999999972e+01
8.880000000000000000e+02 2.273699999999999945e-13 2.655499999999999972e+01
8.900000000000000000e+02 4.547499999999999556e-13 0.000000000000000000e+00
8.920000000000000000e+02 4.547499999999999556e-13 -1.403899999999999970e+01
8.940000000000000000e+02 6.821200000000000258e-13 2.179700000000000060e+01
8.960000000000000000e+02 1.136899999999999932e-12 0.000000000000000000e+00
8.980000000000000000e+02 1.136899999999999932e-12 -7.125000000000000000e+00
9.000000000000000000e+02 1.591600000000000004e-12 -5.718799999999999883e+00
9.020000000000000000e+02 1.818999999999999822e-12 5.195299999999999585e+00
9.040000000000000000e+02 2.273799999999999863e-12 1.594500000000000028e+01
9.060000000000000000e+02 2.273799999999999863e-12 1.130499999999999972e+01
9.080000000000000000e+02 2.728499999999999935e-12 1.000000000000000000e+01
9.100000000000000000e+02 3.410600000000000028e-12 1.078100000000000058e+01
9.120000000000000000e+02 4.092700000000000120e-12 4.570299999999999585e+00
9.140000000000000000e+02 4.547500000000000161e-12 1.011700000000000088e+01
9.160000000000000000e+02 5.456999999999999871e-12 8.359400000000000830e+00
9.180000000000000000e+02 6.366500000000000388e-12 8.742300000000000182e+00
9.200000000000000000e+02 7.958099999999999381e-12 9.656299999999999883e+00
9.220000000000000000e+02 9.095000000000000323e-12 9.461000000000000298e+00
9.240000000000000000e+02 1.068699999999999919e-11 1.061700000000000088e+01
9.260000000000000000e+02 1.227800000000000080e-11 1.009399999999999942e+01
9.280000000000000000e+02 1.432499999999999965e-11 1.000000000000000000e+01
9.300000000000000000e+02 1.614400000000000068e-11 9.461000000000000298e+00
9.320000000000000000e+02 1.864500000000000063e-11 9.796900000000000830e+00
9.340000000000000000e+02 2.114600000000000057e-11 9.898500000000000298e+00
9.360000000000000000e+02 2.432899999999999943e-11 9.007899999999999352e+00
9.380000000000000000e+02 2.751200000000000152e-11 9.000099999999999767e+00
9.400000000000000000e+02 3.114999999999999712e-11 8.554800000000000182e+00
9.420000000000000000e+02 3.478799999999999919e-11 9.054800000000000182e+00
9.440000000000000000e+02 3.865399999999999907e-11 9.179800000000000182e+00
9.460000000000000000e+02 4.206399999999999686e-11 8.414099999999999469e+00
9.480000000000000000e+02 4.501999999999999679e-11 8.898500000000000298e+00
9.500000000000000000e+02 4.820299999999999888e-11 8.711000000000000298e+00
9.520000000000000000e+02 4.979500000000000098e-11 9.046900000000000830e+00
9.540000000000000000e+02 4.979500000000000098e-11 8.609400000000000830e+00
9.560000000000000000e+02 4.979500000000000098e-11 9.046900000000000830e+00
9.580000000000000000e+02 4.729400000000000103e-11 9.093799999999999883e+00
9.600000000000000000e+02 4.433800000000000111e-11 8.398500000000000298e+00
9.620000000000000000e+02 3.979100000000000120e-11 8.632899999999999352e+00
9.640000000000000000e+02 3.433400000000000133e-11 8.593799999999999883e+00
9.660000000000000000e+02 2.978599999999999930e-11 8.671900000000000830e+00
9.680000000000000000e+02 2.478399999999999941e-11 8.453200000000000713e+00
9.700000000000000000e+02 2.023600000000000061e-11 8.914099999999999469e+00
9.720000000000000000e+02 1.614400000000000068e-11 8.296900000000000830e+00
9.740000000000000000e+02 1.273300000000000078e-11 8.234400000000000830e+00
9.760000000000000000e+02 1.000399999999999978e-11 8.531299999999999883e+00
9.780000000000000000e+02 7.503399999999999713e-12 6.203199999999999825e+00
9.800000000000000000e+02 6.139099999999999963e-12 7.492200000000000415e+00
9.820000000000000000e+02 5.002199999999999829e-12 9.156299999999999883e+00
9.840000000000000000e+02 4.092700000000000120e-12 1.175799999999999912e+01
9.860000000000000000e+02 3.637999999999999645e-12 1.279700000000000060e+01
9.880000000000000000e+02 2.728499999999999935e-12 6.703199999999999825e+00
9.900000000000000000e+02 2.046399999999999843e-12 1.299200000000000088e+01
9.920000000000000000e+02 2.273799999999999863e-12 8.125099999999999767e+00
9.940000000000000000e+02 1.364199999999999983e-12 6.336000000000000298e+00
9.960000000000000000e+02 1.136899999999999932e-12 7.117200000000000415e+00
9.980000000000000000e+02 1.136899999999999932e-12 -7.125000000000000000e+00
1.000000000000000000e+03 4.547499999999999556e-13 1.403100000000000058e+01
1.002000000000000000e+03 9.094999999999999111e-13 0.000000000000000000e+00
1.004000000000000000e+03 9.094999999999999111e-13 1.842999999999999972e+01
1.006000000000000000e+03 6.821200000000000258e-13 1.130499999999999972e+01
1.008000000000000000e+03 9.094999999999999111e-13 9.461000000000000298e+00
1.010000000000000000e+03 4.547499999999999556e-13 -1.843799999999999883e+01
1.012000000000000000e+03 4.547499999999999556e-13 -1.403899999999999970e+01
1.014000000000000000e+03 4.547499999999999556e-13 0.000000000000000000e+00
1.016000000000000000e+03 2.273699999999999945e-13 2.655499999999999972e+01
1.018000000000000000e+03 4.547499999999999556e-13 -1.843799999999999883e+01
1.020000000000000000e+03 4.547499999999999556e-13 -1.843799999999999883e+01
1.022000000000000000e+03 2.273699999999999945e-13 0.000000000000000000e+00
1.024000000000000000e+03 0.000000000000000000e+00 8.999299999999999500e+01
1.026000000000000000e+03 0.000000000000000000e+00 -9.000100000000000477e+01
1.028000000000000000e+03 4.547499999999999556e-13 0.000000000000000000e+00
1.030000000000000000e+03 4.547499999999999556e-13 1.842999999999999972e+01
1.032000000000000000e+03 4.547499999999999556e-13 -4.500000000000000000e+01
1.034000000000000000e+03 4.547499999999999556e-13 -4.500000000000000000e+01
1.036000000000000000e+03 6.821200000000000258e-13 -1.131300000000000061e+01
1.038000000000000000e+03 4.547499999999999556e-13 0.000000000000000000e+00
1.040000000000000000e+03 4.547499999999999556e-13 -1.843799999999999883e+01
1.042000000000000000e+03 4.547499999999999556e-13 1.842999999999999972e+01
1.044000000000000000e+03 0.000000000000000000e+00 4.499199999999999733e+01
1.046000000000000000e+03 2.273699999999999945e-13 2.655499999999999972e+01
1.048000000000000000e+03 6.821200000000000258e-13 -2.180499999999999972e+01
1.050000000000000000e+03 3.183299999999999977e-12 1.130499999999999972e+01
1.052000000000000000e+03 7.958099999999999381e-12 1.461700000000000088e+01
1.054000000000000000e+03 1.136899999999999972e-11 8.359400000000000830e+00
1.056000000000000000e+03 1.909899999999999849e-11 7.492200000000000415e+00
1.058000000000000000e+03 2.228299999999999946e-11 8.062599999999999767e+00
1.060000000000000000e+03 2.182799999999999948e-11 8.812599999999999767e+00
