8.000000000000000000e+02 2.955899999999999956e-12 6.336000000000000298e+00
8.020000000000000000e+02 2.046399999999999843e-12 8.742300000000000182e+00
8.040000000000000000e+02 1.818999999999999822e-12 1.525000000000000000e+01
8.060000000000000000e+02 1.364199999999999983e-12 2.055499999999999972e+01
8.080000000000000000e+02 1.818999999999999822e-12 2.179700000000000060e+01
8.100000000000000000e+02 2.728499999999999935e-12 1.323399999999999999e+01
8.120000000000000000e+02 3.865400000000000069e-12 1.225799999999999912e+01
8.140000000000000000e+02 5.911700000000000346e-12 9.718799999999999883e+00
8.160000000000000000e+02 9.549699999999999991e-12 7.984399999999999942e+00
8.180000000000000000e+02 1.386999999999999967e-11 9.570399999999999352e+00
8.200000000000000000e+02 1.978199999999999952e-11 8.671900000000000830e+00
8.220000000000000000e+02 2.637600000000000151e-11 9.398500000000000298e+00
8.240000000000000000e+02 3.296900000000000139e-11 8.695399999999999352e+00
8.260000000000000000e+02 3.728899999999999914e-11 8.742300000000000182e+00
8.280000000000000000e+02 3.910899999999999905e-11 9.023500000000000298e+00
8.300000000000000000e+02 3.774399999999999911e-11 8.875099999999999767e+00
8.320000000000000000e+02 3.319699999999999920e-11 9.507899999999999352e+00
8.340000000000000000e+02 2.728499999999999935e-11 9.117300000000000182e+00
8.360000000000000000e+02 2.114600000000000057e-11 9.976599999999999469e+00
8.380000000000000000e+02 1.614400000000000068e-11 1.014100000000000001e+01
8.400000000000000000e+02 1.136899999999999972e-11 9.179800000000000182e+00
8.420000000000000000e+02 7.958099999999999381e-12 9.656299999999999883e+00
8.440000000000000000e+02 5.456999999999999871e-12 5.195299999999999585e+00
8.460000000000000000e+02 4.320099999999999737e-12 8.742300000000000182e+00
8.480000000000000000e+02 2.728499999999999935e-12 1.000000000000000000e+01
8.500000000000000000e+02 2.273799999999999863e-12 1.209399999999999942e+01
8.520000000000000000e+02 1.364199999999999983e-12 1.252399999999999913e+01
8.540000000000000000e+02 9.094999999999999111e-13 9.461000000000000298e+00
8.560000000000000000e+02 4.547499999999999556e-13 3.368800000000000239e+01
8.580000000000000000e+02 4.547499999999999556e-13 3.368800000000000239e+01
8.600000000000000000e+02 0.000000000000000000e+00 0.000000000000000000e+00
8.620000000000000000e+02 0.000000000000000000e+00 -4.500000000000000000e+01
8.640000000000000000e+02 2.273699999999999945e-13 0.000000000000000000e+00
8.660000000000000000e+02 0.000000000000000000e+00 4.499199999999999733e+01
8.680000000000000000e+02 2.273699999999999945e-13 -6.343800000000000239e+01
8.700000000000000000e+02 4.547499999999999556e-13 -9.000100000000000477e+01
8.720000000000000000e+02 2.273699999999999945e-13 -1.165600000000000023e+02
8.740000000000000000e+02 4.547499999999999556e-13 -4.500000000000000000e+01
8.760000000000000000e+02 0.000000000000000000e+00 0.000000000000000000e+00
8.780000000000000000e+02 4.547499999999999556e-13 -4.500000000000000000e+01
8.800000000000000000e+02 4.547499999999999556e-13 -1.403899999999999970e+01
8.820000000000000000e+02 6.821200000000000258e-13 1.130499999999999972e+01
8.840000000000000000e+02 6.821200000000000258e-13 1.130499999999999972e+01
8.860000000000000000e+02 6.821200000000000258e-13 1.130499999999999972e+01
8.880000000000000000e+02 1.591600000000000004e-12 0.000000000000000000e+00
8.900000000000000000e+02 1.818999999999999822e-12 4.757799999999999585e+00
8.920000000000000000e+02 2.728499999999999935e-12 1.323399999999999999e+01
8.940000000000000000e+02 3.410600000000000028e-12 1.403100000000000058e+01
8.960000000000000000e+02 5.456999999999999871e-12 1.232799999999999940e+01
8.980000000000000000e+02 7.048599999999999672e-12 1.339100000000000001e+01
9.000000000000000000e+02 1.045899999999999976e-11 1.005499999999999972e+01
9.020000000000000000e+02 1.455199999999999858e-11 9.773500000000000298e+00
9.040000000000000000e+02 2.091899999999999841e-11 9.609400000000000830e+00
9.060000000000000000e+02 2.933099999999999932e-11 1.047700000000000031e+01
9.080000000000000000e+02 4.092700000000000120e-11 1.007000000000000028e+01
9.100000000000000000e+02 5.661599999999999867e-11 9.820399999999999352e+00
9.120000000000000000e+02 7.662499999999999389e-11 9.890700000000000713e+00
9.140000000000000000e+02 1.018599999999999977e-10 9.781299999999999883e+00
9.160000000000000000e+02 1.334700000000000054e-10 9.976599999999999469e+00
9.180000000000000000e+02 1.709899999999999958e-10 9.820399999999999352e+00
9.200000000000000000e+02 2.128199999999999951e-10 9.640700000000000713e+00
9.220000000000000000e+02 2.576199999999999851e-10 9.593799999999999883e+00
9.240000000000000000e+02 3.001400000000000099e-10 9.359400000000000830e+00
9.260000000000000000e+02 3.374200000000000094e-10 9.289099999999999469e+00
9.280000000000000000e+02 3.619799999999999742e-10 9.101599999999999469e+00
9.300000000000000000e+02 3.717600000000000170e-10 8.992300000000000182e+00
9.320000000000000000e+02 3.653900000000000173e-10 8.726599999999999469e+00
9.340000000000000000e+02 3.437900000000000091e-10 8.554800000000000182e+00
9.360000000000000000e+02 3.080900000000000187e-10 8.484400000000000830e+00
9.380000000000000000e+02 2.669400000000000108e-10 8.211000000000000298e+00
9.400000000000000000e+02 2.239599999999999949e-10 8.125099999999999767e+00
9.420000000000000000e+02 1.819000000000000129e-10 8.156299999999999883e+00
9.440000000000000000e+02 1.471099999999999966e-10 7.804700000000000415e+00
9.460000000000000000e+02 1.173299999999999970e-10 7.836000000000000298e+00
9.480000000000000000e+02 9.413300000000000209e-11 7.609399999999999942e+00
9.500000000000000000e+02 7.639799999999999819e-11 7.750000000000000000e+00
9.520000000000000000e+02 6.343799999999999848e-11 7.531299999999999883e+00
9.540000000000000000e+02 5.297800000000000307e-11 7.945299999999999585e+00
9.560000000000000000e+02 4.547500000000000323e-11 7.804700000000000415e+00
9.580000000000000000e+02 3.910899999999999905e-11 7.304700000000000415e+00
9.600000000000000000e+02 3.410599999999999705e-11 8.086000000000000298e+00
9.620000000000000000e+02 3.069599999999999926e-11 8.086000000000000298e+00
9.640000000000000000e+02 2.728499999999999935e-11 7.679700000000000415e+00
9.660000000000000000e+02 2.432899999999999943e-11 7.070299999999999585e+00
9.680000000000000000e+02 2.228299999999999946e-11 8.609400000000000830e+00
9.700000000000000000e+02 1.978199999999999952e-11 6.703199999999999825e+00
9.720000000000000000e+02 1.819000000000000065e-11 6.796899999999999942e+00
9.740000000000000000e+02 1.637099999999999961e-11 8.125099999999999767e+00
9.760000000000000000e+02 1.455199999999999858e-11 7.851600000000000357e+00
9.780000000000000000e+02 1.318800000000000075e-11 6.492200000000000415e+00
9.800000000000000000e+02 1.227800000000000080e-11 7.796899999999999942e+00
9.820000000000000000e+02 1.068699999999999919e-11 9.742300000000000182e+00
9.840000000000000000e+02 9.549699999999999991e-12 8.968799999999999883e+00
9.860000000000000000e+02 8.412900000000000230e-12 7.812500000000000000e+00
9.880000000000000000e+02 7.730800000000000138e-12 6.070299999999999585e+00
9.900000000000000000e+02 6.821200000000000056e-12 5.570299999999999585e+00
9.920000000000000000e+02 6.139099999999999963e-12 4.632799999999999585e+00
9.940000000000000000e+02 5.456999999999999871e-12 5.195299999999999585e+00
9.960000000000000000e+02 4.774899999999999778e-12 3.937500000000000000e+00
9.980000000000000000e+02 4.547500000000000161e-12 6.109399999999999942e+00
1.000000000000000000e+03 4.320099999999999737e-12 4.390699999999999825e+00
1.002000000000000000e+03 3.637999999999999645e-12 7.429700000000000415e+00
1.004000000000000000e+03 3.410600000000000028e-12 1.403100000000000058e+01
1.006000000000000000e+03 2.728499999999999935e-12 1.000000000000000000e+01
1.008000000000000000e+03 2.501099999999999915e-12 3.570300000000000029e+00
1.010000000000000000e+03 2.273799999999999863e-12 8.125099999999999767e+00
1.012000000000000000e+03 1.818999999999999822e-12 9.461000000000000298e+00
1.014000000000000000e+03 2.273799999999999863e-12 1.209399999999999942e+01
1.016000000000000000e+03 1.818999999999999822e-12 1.525000000000000000e+01
1.018000000000000000e+03 2.046399999999999843e-12 1.299200000000000088e+01
1.020000000000000000e+03 1.818999999999999822e-12 9.461000000000000298e+00
1.022000000000000000e+03 1.364199999999999983e-12 6.336000000000000298e+00
1.024000000000000000e+03 1.818999999999999822e-12 1.030499999999999972e+01
1.026000000000000000e+03 1.364199999999999983e-12 6.336000000000000298e+00
1.028000000000000000e+03 1.136899999999999932e-12 0.000000000000000000e+00
1.030000000000000000e+03 1.591600000000000004e-12 5.711000000000000298e+00
1.032000000000000000e+03 1.136899999999999932e-12 0.000000000000000000e+00
1.034000000000000000e+03 1.136899999999999932e-12 0.000000000000000000e+00
1.036000000000000000e+03 1.136899999999999932e-12 8.125099999999999767e+00
1.038000000000000000e+03 1.364199999999999983e-12 2.055499999999999972e+01
1.040000000000000000e+03 1.136899999999999932e-12 7.117200000000000415e+00
1.042000000000000000e+03 1.364199999999999983e-12 6.336000000000000298e+00
1.044000000000000000e+03 1.136899999999999932e-12 0.000000000000000000e+00
1.046000000000000000e+03 1.364199999999999983e-12 0.000000000000000000e+00
1.048000000000000000e+03 1.364199999999999983e-12 6.336000000000000298e+00
1.050000000000000000e+03 6.139099999999999963e-12 7.695299999999999585e+00
1.052000000000000000e+03 1.091399999999999974e-11 6.906299999999999883e+00
1.054000000000000000e+03 1.318800000000000075e-11 7.921899999999999942e+00
1.056000000000000000e+03 2.228299999999999946e-11 7.703199999999999825e+00
1.058000000000000000e+03 2.569300000000000048e-11 8.546900000000000830e+00
1.060000000000000000e+03 2.478399999999999941e-11 9.265700000000000713e+00
