8.000000000000000000e+02 6.366500000000000388e-12 8.742300000000000182e+00
8.020000000000000000e+02 3.865400000000000069e-12 7.117200000000000415e+00
8.040000000000000000e+02 2.501099999999999915e-12 3.570300000000000029e+00
8.060000000000000000e+02 2.273799999999999863e-12 3.812500000000000000e+00
8.080000000000000000e+02 3.410600000000000028e-12 8.125099999999999767e+00
8.100000000000000000e+02 7.958099999999999381e-12 9.656299999999999883e+00
8.120000000000000000e+02 1.682599999999999959e-11 1.130499999999999972e+01
8.140000000000000000e+02 3.251499999999999706e-11 1.056300000000000061e+01
8.160000000000000000e+02 5.502499999999999869e-11 1.062500000000000000e+01
8.180000000000000000e+02 7.685299999999999817e-11 1.035899999999999999e+01
8.200000000000000000e+02 8.981299999999999788e-11 1.026600000000000001e+01
8.220000000000000000e+02 9.208700000000000212e-11 1.010899999999999999e+01
8.240000000000000000e+02 8.617500000000000227e-11 1.000000000000000000e+01
8.260000000000000000e+02 7.526100000000000253e-11 9.937599999999999767e+00
8.280000000000000000e+02 6.207399999999999420e-11 1.003899999999999970e+01
8.300000000000000000e+02 4.797600000000000318e-11 1.017999999999999972e+01
8.320000000000000000e+02 3.547000000000000133e-11 9.984400000000000830e+00
8.340000000000000000e+02 2.569300000000000048e-11 9.640700000000000713e+00
8.360000000000000000e+02 1.796299999999999848e-11 1.015600000000000058e+01
8.380000000000000000e+02 1.250600000000000023e-11 1.057000000000000028e+01
8.400000000000000000e+02 9.322400000000000747e-12 1.030499999999999972e+01
8.420000000000000000e+02 6.593900000000000004e-12 7.117200000000000415e+00
8.440000000000000000e+02 4.774899999999999778e-12 7.851600000000000357e+00
8.460000000000000000e+02 2.955899999999999956e-12 8.968799999999999883e+00
8.480000000000000000e+02 2.501099999999999915e-12 7.117200000000000415e+00
8.500000000000000000e+02 1.818999999999999822e-12 1.997700000000000031e+01
8.520000000000000000e+02 2.046399999999999843e-12 2.261700000000000088e+01
8.540000000000000000e+02 1.591600000000000004e-12 2.396099999999999852e+01
8.560000000000000000e+02 1.136899999999999932e-12 0.000000000000000000e+00
8.580000000000000000e+02 1.136899999999999932e-12 0.000000000000000000e+00
8.600000000000000000e+02 9.094999999999999111e-13 1.842999999999999972e+01
8.620000000000000000e+02 4.547499999999999556e-13 -1.403899999999999970e+01
8.640000000000000000e+02 4.547499999999999556e-13 0.000000000000000000e+00
8.660000000000000000e+02 4.547499999999999556e-13 1.842999999999999972e+01
8.680000000000000000e+02 4.547499999999999556e-13 1.842999999999999972e+01
8.700000000000000000e+02 4.547499999999999556e-13 -1.843799999999999883e+01
8.720000000000000000e+02 4.547499999999999556e-13 0.000000000000000000e+00
8.740000000000000000e+02 4.547499999999999556e-13 -1.843799999999999883e+01
8.760000000000000000e+02 4.547499999999999556e-13 3.368800000000000239e+01
8.780000000000000000e+02 4.547499999999999556e-13 5.630499999999999972e+01
8.800000000000000000e+02 4.547499999999999556e-13 4.499199999999999733e+01
8.820000000000000000e+02 4.547499999999999556e-13 0.000000000000000000e+00
8.840000000000000000e+02 6.821200000000000258e-13 3.686699999999999733e+01
8.860000000000000000e+02 6.821200000000000258e-13 1.130499999999999972e+01
8.880000000000000000e+02 1.136899999999999932e-12 0.000000000000000000e+00
8.900000000000000000e+02 1.591600000000000004e-12 1.130499999999999972e+01
8.920000000000000000e+02 2.273799999999999863e-12 8.125099999999999767e+00
8.940000000000000000e+02 3.637999999999999645e-12 2.484399999999999942e+00
8.960000000000000000e+02 6.366500000000000388e-12 4.390699999999999825e+00
8.980000000000000000e+02 1.114100000000000029e-11 6.804700000000000415e+00
9.000000000000000000e+02 1.841699999999999958e-11 7.757799999999999585e+00
9.020000000000000000e+02 3.069599999999999926e-11 8.086000000000000298e+00
9.040000000000000000e+02 5.070500000000000094e-11 7.906299999999999883e+00
9.060000000000000000e+02 8.321900000000000235e-11 8.273500000000000298e+00
9.080000000000000000e+02 1.332399999999999969e-10 8.328200000000000713e+00
9.100000000000000000e+02 2.073700000000000035e-10 8.632899999999999352e+00
9.120000000000000000e+02 3.121899999999999838e-10 8.773500000000000298e+00
9.140000000000000000e+02 4.495200000000000152e-10 8.820399999999999352e+00
9.160000000000000000e+02 6.152799999999999681e-10 9.078200000000000713e+00
9.180000000000000000e+02 7.958099999999999640e-10 9.117300000000000182e+00
9.200000000000000000e+02 9.731700000000000629e-10 9.179800000000000182e+00
9.220000000000000000e+02 1.121599999999999932e-09 9.304800000000000182e+00
9.240000000000000000e+02 1.215100000000000074e-09 9.453200000000000713e+00
9.260000000000000000e+02 1.238100000000000098e-09 9.507899999999999352e+00
9.280000000000000000e+02 1.190100000000000057e-09 9.531299999999999883e+00
9.300000000000000000e+02 1.081400000000000009e-09 9.617300000000000182e+00
9.320000000000000000e+02 9.397399999999999002e-10 9.539099999999999469e+00
9.340000000000000000e+02 7.876299999999999985e-10 9.539099999999999469e+00
9.360000000000000000e+02 6.475599999999999848e-10 9.539099999999999469e+00
9.380000000000000000e+02 5.288699999999999532e-10 9.461000000000000298e+00
9.400000000000000000e+02 4.342900000000000068e-10 9.445399999999999352e+00
9.420000000000000000e+02 3.619799999999999742e-10 9.484400000000000830e+00
9.440000000000000000e+02 3.064999999999999756e-10 9.476599999999999469e+00
9.460000000000000000e+02 2.648900000000000024e-10 9.406299999999999883e+00
9.480000000000000000e+02 2.326000000000000033e-10 9.257899999999999352e+00
9.500000000000000000e+02 2.071399999999999950e-10 9.250099999999999767e+00
9.520000000000000000e+02 1.859899999999999957e-10 9.320399999999999352e+00
9.540000000000000000e+02 1.675699999999999962e-10 9.257899999999999352e+00
9.560000000000000000e+02 1.516599999999999964e-10 9.539099999999999469e+00
9.580000000000000000e+02 1.368799999999999967e-10 9.445399999999999352e+00
9.600000000000000000e+02 1.234600000000000059e-10 9.304800000000000182e+00
9.620000000000000000e+02 1.109599999999999973e-10 9.250099999999999767e+00
9.640000000000000000e+02 9.913500000000000198e-11 9.265700000000000713e+00
9.660000000000000000e+02 8.844899999999999359e-11 9.421900000000000830e+00
9.680000000000000000e+02 7.821700000000000245e-11 9.679800000000000182e+00
9.700000000000000000e+02 6.843999999999999837e-11 9.640700000000000713e+00
9.720000000000000000e+02 6.048199999999999856e-11 9.046900000000000830e+00
9.740000000000000000e+02 5.252399999999999874e-11 9.281299999999999883e+00
9.760000000000000000e+02 4.547500000000000323e-11 9.875099999999999767e+00
9.780000000000000000e+02 3.910899999999999905e-11 9.773500000000000298e+00
9.800000000000000000e+02 3.319699999999999920e-11 9.507899999999999352e+00
9.820000000000000000e+02 2.864900000000000041e-11 9.351599999999999469e+00
9.840000000000000000e+02 2.432899999999999943e-11 9.007899999999999352e+00
9.860000000000000000e+02 2.137299999999999950e-11 9.382899999999999352e+00
9.880000000000000000e+02 1.864500000000000063e-11 9.796900000000000830e+00
9.900000000000000000e+02 1.546199999999999854e-11 9.757899999999999352e+00
9.920000000000000000e+02 1.386999999999999967e-11 8.218799999999999883e+00
9.940000000000000000e+02 1.182399999999999970e-11 8.804800000000000182e+00
9.960000000000000000e+02 1.000399999999999978e-11 1.039100000000000001e+01
9.980000000000000000e+02 8.640300000000000655e-12 1.000000000000000000e+01
1.000000000000000000e+03 7.503399999999999713e-12 8.836000000000000298e+00
1.002000000000000000e+03 6.821200000000000056e-12 8.320399999999999352e+00
1.004000000000000000e+03 5.911700000000000346e-12 1.130499999999999972e+01
1.006000000000000000e+03 5.229600000000000254e-12 8.875099999999999767e+00
1.008000000000000000e+03 4.774899999999999778e-12 7.851600000000000357e+00
1.010000000000000000e+03 4.320099999999999737e-12 6.336000000000000298e+00
1.012000000000000000e+03 3.865400000000000069e-12 1.225799999999999912e+01
1.014000000000000000e+03 3.637999999999999645e-12 1.594500000000000028e+01
1.016000000000000000e+03 2.955899999999999956e-12 1.188299999999999912e+01
1.018000000000000000e+03 2.955899999999999956e-12 6.007799999999999585e+00
1.020000000000000000e+03 2.728499999999999935e-12 1.000000000000000000e+01
1.022000000000000000e+03 2.046399999999999843e-12 4.390699999999999825e+00
1.024000000000000000e+03 2.273799999999999863e-12 8.125099999999999767e+00
1.026000000000000000e+03 2.273799999999999863e-12 1.594500000000000028e+01
1.028000000000000000e+03 2.046399999999999843e-12 8.742300000000000182e+00
1.030000000000000000e+03 2.046399999999999843e-12 8.742300000000000182e+00
1.032000000000000000e+03 2.273799999999999863e-12 1.709400000000000119e+01
1.034000000000000000e+03 1.818999999999999822e-12 0.000000000000000000e+00
1.036000000000000000e+03 1.818999999999999822e-12 4.757799999999999585e+00
1.038000000000000000e+03 1.818999999999999822e-12 1.997700000000000031e+01
1.040000000000000000e+03 1.364199999999999983e-12 2.055499999999999972e+01
1.042000000000000000e+03 1.364199999999999983e-12 0.000000000000000000e+00
1.044000000000000000e+03 1.591600000000000004e-12 5.711000000000000298e+00
1.046000000000000000e+03 1.591600000000000004e-12 0.000000000000000000e+00
1.048000000000000000e+03 1.818999999999999822e-12 0.000000000000000000e+00
1.050000000000000000e+03 8.185499999999999806e-12 5.711000000000000298e+00
1.052000000000000000e+03 1.205100000000000025e-11 1.023399999999999999e+01
1.054000000000000000e+03 1.364200000000000023e-11 9.796900000000000830e+00
1.056000000000000000e+03 2.364700000000000052e-11 1.011700000000000088e+01
1.058000000000000000e+03 2.933099999999999932e-11 1.041399999999999970e+01
1.060000000000000000e+03 2.705800000000000042e-11 1.061700000000000088e+01
