8.000000000000000000e+02 4.547499999999999556e-13 0.000000000000000000e+00
8.020000000000000000e+02 0.000000000000000000e+00 8.999299999999999500e+01
8.040000000000000000e+02 0.000000000000000000e+00 1.799900000000000091e+02
8.060000000000000000e+02 0.000000000000000000e+00 4.499199999999999733e+01
8.080000000000000000e+02 0.000000000000000000e+00 -9.000100000000000477e+01
8.100000000000000000e+02 0.000000000000000000e+00 -9.000100000000000477e+01
8.120000000000000000e+02 2.273699999999999945e-13 2.655499999999999972e+01
8.140000000000000000e+02 4.547499999999999556e-13 1.403100000000000058e+01
8.160000000000000000e+02 0.000000000000000000e+00 -4.500000000000000000e+01
8.180000000000000000e+02 4.547499999999999556e-13 0.000000000000000000e+00
8.200000000000000000e+02 4.547499999999999556e-13 -3.369599999999999795e+01
8.220000000000000000e+02 4.547499999999999556e-13 -4.500000000000000000e+01
8.240000000000000000e+02 4.547499999999999556e-13 -1.403899999999999970e+01
8.260000000000000000e+02 4.547499999999999556e-13 0.000000000000000000e+00
8.280000000000000000e+02 2.273699999999999945e-13 0.000000000000000000e+00
8.300000000000000000e+02 6.821200000000000258e-13 0.000000000000000000e+00
8.320000000000000000e+02 4.547499999999999556e-13 1.842999999999999972e+01
8.340000000000000000e+02 4.547499999999999556e-13 0.000000000000000000e+00
8.360000000000000000e+02 6.821200000000000258e-13 -1.131300000000000061e+01
8.380000000000000000e+02 1.136899999999999932e-12 7.117200000000000415e+00
8.400000000000000000e+02 1.136899999999999932e-12 7.117200000000000415e+00
8.420000000000000000e+02 9.094999999999999111e-13 1.842999999999999972e+01
8.440000000000000000e+02 1.364199999999999983e-12 -6.343799999999999883e+00
8.460000000000000000e+02 1.818999999999999822e-12 4.757799999999999585e+00
8.480000000000000000e+02 2.273799999999999863e-12 1.209399999999999942e+01
8.500000000000000000e+02 2.273799999999999863e-12 1.130499999999999972e+01
8.520000000000000000e+02 2.501099999999999915e-12 1.061700000000000088e+01
8.540000000000000000e+02 3.183299999999999977e-12 1.130499999999999972e+01
8.560000000000000000e+02 3.637999999999999645e-12 1.030499999999999972e+01
8.580000000000000000e+02 4.092700000000000120e-12 6.836000000000000298e+00
8.600000000000000000e+02 3.865400000000000069e-12 9.461000000000000298e+00
8.620000000000000000e+02 4.320099999999999737e-12 1.049200000000000088e+01
8.640000000000000000e+02 4.320099999999999737e-12 1.349200000000000088e+01
8.660000000000000000e+02 3.865400000000000069e-12 4.757799999999999585e+00
8.680000000000000000e+02 3.637999999999999645e-12 9.859400000000000830e+00
8.700000000000000000e+02 2.955899999999999956e-12 9.461000000000000298e+00
8.720000000000000000e+02 2.728499999999999935e-12 0.000000000000000000e+00
8.740000000000000000e+02 2.046399999999999843e-12 1.299200000000000088e+01
8.760000000000000000e+02 1.818999999999999822e-12 1.030499999999999972e+01
8.780000000000000000e+02 1.136899999999999932e-12 8.125099999999999767e+00
8.800000000000000000e+02 9.094999999999999111e-13 0.000000000000000000e+00
8.820000000000000000e+02 1.136899999999999932e-12 -8.132899999999999352e+00
8.840000000000000000e+02 4.547499999999999556e-13 1.403100000000000058e+01
8.860000000000000000e+02 4.547499999999999556e-13 0.000000000000000000e+00
8.880000000000000000e+02 4.547499999999999556e-13 0.000000000000000000e+00
8.900000000000000000e+02 4.547499999999999556e-13 0.000000000000000000e+00
8.920000000000000000e+02 4.547499999999999556e-13 -1.403899999999999970e+01
8.940000000000000000e+02 6.821200000000000258e-13 -1.131300000000000061e+01
8.960000000000000000e+02 4.547499999999999556e-13 1.403100000000000058e+01
8.980000000000000000e+02 4.547499999999999556e-13 1.403100000000000058e+01
9.000000000000000000e+02 6.821200000000000258e-13 0.000000000000000000e+00
9.020000000000000000e+02 9.094999999999999111e-13 0.000000000000000000e+00
9.040000000000000000e+02 4.547499999999999556e-13 2.655499999999999972e+01
9.060000000000000000e+02 1.136899999999999932e-12 1.594500000000000028e+01
9.080000000000000000e+02 9.094999999999999111e-13 0.000000000000000000e+00
9.100000000000000000e+02 1.591600000000000004e-12 5.711000000000000298e+00
9.120000000000000000e+02 1.591600000000000004e-12 1.130499999999999972e+01
9.140000000000000000e+02 1.818999999999999822e-12 1.030499999999999972e+01
9.160000000000000000e+02 2.046399999999999843e-12 8.742300000000000182e+00
9.180000000000000000e+02 1.818999999999999822e-12 4.757799999999999585e+00
9.200000000000000000e+02 2.501099999999999915e-12 1.061700000000000088e+01
9.220000000000000000e+02 2.501099999999999915e-12 1.403100000000000058e+01
9.240000000000000000e+02 2.955899999999999956e-12 1.188299999999999912e+01
9.260000000000000000e+02 3.410600000000000028e-12 5.437500000000000000e+00
9.280000000000000000e+02 4.092700000000000120e-12 9.086000000000000298e+00
9.300000000000000000e+02 5.229600000000000254e-12 1.271899999999999942e+01
9.320000000000000000e+02 5.684400000000000295e-12 1.000000000000000000e+01
9.340000000000000000e+02 6.593900000000000004e-12 1.017200000000000060e+01
9.360000000000000000e+02 7.275999999999999289e-12 9.242300000000000182e+00
9.380000000000000000e+02 7.958099999999999381e-12 8.468799999999999883e+00
9.400000000000000000e+02 9.322400000000000747e-12 1.030499999999999972e+01
9.420000000000000000e+02 1.045899999999999976e-11 7.234399999999999942e+00
9.440000000000000000e+02 1.159600000000000027e-11 8.242300000000000182e+00
9.460000000000000000e+02 1.273300000000000078e-11 8.968799999999999883e+00
9.480000000000000000e+02 1.364200000000000023e-11 1.049200000000000088e+01
9.500000000000000000e+02 1.546199999999999854e-11 9.757899999999999352e+00
9.520000000000000000e+02 1.659799999999999854e-11 9.179800000000000182e+00
9.540000000000000000e+02 1.841699999999999958e-11 9.289099999999999469e+00
9.560000000000000000e+02 1.932699999999999954e-11 8.812599999999999767e+00
9.580000000000000000e+02 2.114600000000000057e-11 8.570399999999999352e+00
9.600000000000000000e+02 2.250999999999999839e-11 9.320399999999999352e+00
9.620000000000000000e+02 2.364700000000000052e-11 8.921900000000000830e+00
9.640000000000000000e+02 2.478399999999999941e-11 8.453200000000000713e+00
9.660000000000000000e+02 2.546600000000000155e-11 8.289099999999999469e+00
9.680000000000000000e+02 2.546600000000000155e-11 8.656299999999999883e+00
9.700000000000000000e+02 2.478399999999999941e-11 8.828200000000000713e+00
9.720000000000000000e+02 2.364700000000000052e-11 8.867300000000000182e+00
9.740000000000000000e+02 2.250999999999999839e-11 7.593799999999999883e+00
9.760000000000000000e+02 2.069100000000000059e-11 8.257899999999999352e+00
9.780000000000000000e+02 1.841699999999999958e-11 7.757799999999999585e+00
9.800000000000000000e+02 1.614400000000000068e-11 8.789099999999999469e+00
9.820000000000000000e+02 1.386999999999999967e-11 8.218799999999999883e+00
9.840000000000000000e+02 1.159600000000000027e-11 8.242300000000000182e+00
9.860000000000000000e+02 9.549699999999999991e-12 7.984399999999999942e+00
9.880000000000000000e+02 7.730800000000000138e-12 9.859400000000000830e+00
9.900000000000000000e+02 5.456999999999999871e-12 8.359400000000000830e+00
9.920000000000000000e+02 4.774899999999999778e-12 7.851600000000000357e+00
9.940000000000000000e+02 3.637999999999999645e-12 7.757799999999999585e+00
9.960000000000000000e+02 2.955899999999999956e-12 8.968799999999999883e+00
9.980000000000000000e+02 2.273799999999999863e-12 1.209399999999999942e+01
1.000000000000000000e+03 1.818999999999999822e-12 5.195299999999999585e+00
1.002000000000000000e+03 1.364199999999999983e-12 0.000000000000000000e+00
1.004000000000000000e+03 1.136899999999999932e-12 0.000000000000000000e+00
1.006000000000000000e+03 1.136899999999999932e-12 8.125099999999999767e+00
1.008000000000000000e+03 6.821200000000000258e-13 1.130499999999999972e+01
1.010000000000000000e+03 4.547499999999999556e-13 0.000000000000000000e+00
1.012000000000000000e+03 4.547499999999999556e-13 0.000000000000000000e+00
1.014000000000000000e+03 4.547499999999999556e-13 4.499199999999999733e+01
1.016000000000000000e+03 4.547499999999999556e-13 3.368800000000000239e+01
1.018000000000000000e+03 2.273699999999999945e-13 0.000000000000000000e+00
1.020000000000000000e+03 4.547499999999999556e-13 4.499199999999999733e+01
1.022000000000000000e+03 0.000000000000000000e+00 4.499199999999999733e+01
1.024000000000000000e+03 4.547499999999999556e-13 3.368800000000000239e+01
1.026000000000000000e+03 4.547499999999999556e-13 7.156300000000000239e+01
1.028000000000000000e+03 2.273699999999999945e-13 0.000000000000000000e+00
1.030000000000000000e+03 2.273699999999999945e-13 0.000000000000000000e+00
1.032000000000000000e+03 0.000000000000000000e+00 8.999299999999999500e+01
1.034000000000000000e+03 2.273699999999999945e-13 -2.656299999999999883e+01
1.036000000000000000e+03 2.273699999999999945e-13 0.000000000000000000e+00
1.038000000000000000e+03 2.273699999999999945e-13 2.655499999999999972e+01
1.040000000000000000e+03 0.000000000000000000e+00 0.000000000000000000e+00
1.042000000000000000e+03 4.547499999999999556e-13 -1.843799999999999883e+01
1.044000000000000000e+03 0.000000000000000000e+00 -4.500000000000000000e+01
1.046000000000000000e+03 4.547499999999999556e-13 -1.843799999999999883e+01
1.048000000000000000e+03 4.547499999999999556e-13 1.842999999999999972e+01
1.050000000000000000e+03 1.818999999999999822e-12 5.195299999999999585e+00
1.052000000000000000e+03 5.229600000000000254e-12 5.351600000000000357e+00
1.054000000000000000e+03 5.911700000000000346e-12 9.461000000000000298e+00
1.056000000000000000e+03 1.045899999999999976e-11 8.125099999999999767e+00
1.058000000000000000e+03 1.250600000000000023e-11 6.836000000000000298e+00
1.060000000000000000e+03 1.159600000000000027e-11 6.515699999999999825e+00
