8.000000000000000000e+02 1.136899999999999932e-12 1.594500000000000028e+01
8.020000000000000000e+02 9.094999999999999111e-13 1.842999999999999972e+01
8.040000000000000000e+02 6.821200000000000258e-13 1.130499999999999972e+01
8.060000000000000000e+02 6.821200000000000258e-13 0.000000000000000000e+00
8.080000000000000000e+02 0.000000000000000000e+00 0.000000000000000000e+00
8.100000000000000000e+02 0.000000000000000000e+00 0.000000000000000000e+00
8.120000000000000000e+02 2.273699999999999945e-13 0.000000000000000000e+00
8.140000000000000000e+02 4.547499999999999556e-13 1.403100000000000058e+01
8.160000000000000000e+02 6.821200000000000258e-13 1.130499999999999972e+01
8.180000000000000000e+02 6.821200000000000258e-13 0.000000000000000000e+00
8.200000000000000000e+02 1.136899999999999932e-12 0.000000000000000000e+00
8.220000000000000000e+02 1.136899999999999932e-12 7.117200000000000415e+00
8.240000000000000000e+02 1.818999999999999822e-12 9.461000000000000298e+00
8.260000000000000000e+02 2.273799999999999863e-12 4.078199999999999825e+00
8.280000000000000000e+02 2.955899999999999956e-12 0.000000000000000000e+00
8.300000000000000000e+02 3.410600000000000028e-12 5.437500000000000000e+00
8.320000000000000000e+02 4.320099999999999737e-12 6.578199999999999825e+00
8.340000000000000000e+02 5.002199999999999829e-12 3.687500000000000000e+00
8.360000000000000000e+02 6.366500000000000388e-12 7.304700000000000415e+00
8.380000000000000000e+02 7.048599999999999672e-12 3.984399999999999942e+00
8.400000000000000000e+02 8.185499999999999806e-12 5.711000000000000298e+00
8.420000000000000000e+02 8.867599999999999898e-12 6.336000000000000298e+00
8.440000000000000000e+02 8.867599999999999898e-12 7.382799999999999585e+00
8.460000000000000000e+02 8.412900000000000230e-12 5.593799999999999883e+00
8.480000000000000000e+02 7.730800000000000138e-12 3.648400000000000087e+00
8.500000000000000000e+02 6.139099999999999963e-12 6.007799999999999585e+00
8.520000000000000000e+02 5.229600000000000254e-12 7.117200000000000415e+00
8.540000000000000000e+02 4.320099999999999737e-12 4.234399999999999942e+00
8.560000000000000000e+02 3.183299999999999977e-12 8.531299999999999883e+00
8.580000000000000000e+02 2.273799999999999863e-12 7.593799999999999883e+00
8.600000000000000000e+02 1.818999999999999822e-12 1.030499999999999972e+01
8.620000000000000000e+02 1.136899999999999932e-12 -7.125000000000000000e+00
8.640000000000000000e+02 6.821200000000000258e-13 1.130499999999999972e+01
8.660000000000000000e+02 4.547499999999999556e-13 0.000000000000000000e+00
8.680000000000000000e+02 2.273699999999999945e-13 2.655499999999999972e+01
8.700000000000000000e+02 4.547499999999999556e-13 1.842999999999999972e+01
8.720000000000000000e+02 2.273699999999999945e-13 2.655499999999999972e+01
8.740000000000000000e+02 2.273699999999999945e-13 2.655499999999999972e+01
8.760000000000000000e+02 4.547499999999999556e-13 3.368800000000000239e+01
8.780000000000000000e+02 2.273699999999999945e-13 2.655499999999999972e+01
8.800000000000000000e+02 4.547499999999999556e-13 2.655499999999999972e+01
8.820000000000000000e+02 4.547499999999999556e-13 1.403100000000000058e+01
8.840000000000000000e+02 9.094999999999999111e-13 9.461000000000000298e+00
8.860000000000000000e+02 1.136899999999999932e-12 8.125099999999999767e+00
8.880000000000000000e+02 1.136899999999999932e-12 2.655499999999999972e+01
8.900000000000000000e+02 9.094999999999999111e-13 1.842999999999999972e+01
8.920000000000000000e+02 1.136899999999999932e-12 1.403100000000000058e+01
8.940000000000000000e+02 1.818999999999999822e-12 1.525000000000000000e+01
8.960000000000000000e+02 2.273799999999999863e-12 1.709400000000000119e+01
8.980000000000000000e+02 2.501099999999999915e-12 1.492999999999999972e+01
9.000000000000000000e+02 2.955899999999999956e-12 1.551600000000000001e+01
9.020000000000000000e+02 4.092700000000000120e-12 1.625799999999999912e+01
9.040000000000000000e+02 4.774899999999999778e-12 1.541399999999999970e+01
9.060000000000000000e+02 5.684400000000000295e-12 1.323399999999999999e+01
9.080000000000000000e+02 7.048599999999999672e-12 1.339100000000000001e+01
9.100000000000000000e+02 8.640300000000000655e-12 1.194500000000000028e+01
9.120000000000000000e+02 1.045899999999999976e-11 1.292200000000000060e+01
9.140000000000000000e+02 1.273300000000000078e-11 1.276600000000000001e+01
9.160000000000000000e+02 1.546199999999999854e-11 1.239100000000000001e+01
9.180000000000000000e+02 1.841699999999999958e-11 1.303100000000000058e+01
9.200000000000000000e+02 2.228299999999999946e-11 1.247700000000000031e+01
9.220000000000000000e+02 2.660300000000000044e-11 1.299200000000000088e+01
9.240000000000000000e+02 3.251499999999999706e-11 1.267999999999999972e+01
9.260000000000000000e+02 3.797199999999999693e-11 1.292999999999999972e+01
9.280000000000000000e+02 4.479300000000000109e-11 1.268800000000000061e+01
9.300000000000000000e+02 5.252399999999999874e-11 1.261700000000000088e+01
9.320000000000000000e+02 6.116399999999999424e-11 1.301600000000000001e+01
9.340000000000000000e+02 7.230500000000000260e-11 1.278100000000000058e+01
9.360000000000000000e+02 8.230999999999999804e-11 1.330499999999999972e+01
9.380000000000000000e+02 9.390600000000000639e-11 1.353899999999999970e+01
9.400000000000000000e+02 1.052700000000000020e-10 1.354700000000000060e+01
9.420000000000000000e+02 1.136899999999999972e-10 1.370299999999999940e+01
9.440000000000000000e+02 1.227799999999999886e-10 1.378899999999999970e+01
9.460000000000000000e+02 1.295999999999999971e-10 1.403100000000000058e+01
9.480000000000000000e+02 1.325600000000000055e-10 1.446899999999999942e+01
9.500000000000000000e+02 1.325600000000000055e-10 1.446899999999999942e+01
9.520000000000000000e+02 1.241500000000000056e-10 1.466399999999999970e+01
9.540000000000000000e+02 1.145999999999999972e-10 1.463299999999999912e+01
9.560000000000000000e+02 1.027699999999999977e-10 1.502399999999999913e+01
9.580000000000000000e+02 8.617500000000000227e-11 1.510200000000000031e+01
9.600000000000000000e+02 7.298699999999999828e-11 1.491399999999999970e+01
9.620000000000000000e+02 5.866299999999999429e-11 1.513299999999999912e+01
9.640000000000000000e+02 4.593000000000000321e-11 1.468800000000000061e+01
9.660000000000000000e+02 3.615299999999999913e-11 1.409399999999999942e+01
9.680000000000000000e+02 2.751200000000000152e-11 1.360899999999999999e+01
9.700000000000000000e+02 2.114600000000000057e-11 1.370299999999999940e+01
9.720000000000000000e+02 1.659799999999999854e-11 1.445299999999999940e+01
9.740000000000000000e+02 1.295999999999999971e-11 1.332000000000000028e+01
9.760000000000000000e+02 1.023199999999999921e-11 1.403100000000000058e+01
9.780000000000000000e+02 7.730800000000000138e-12 1.344500000000000028e+01
9.800000000000000000e+02 6.366500000000000388e-12 1.188299999999999912e+01
9.820000000000000000e+02 5.229600000000000254e-12 1.095299999999999940e+01
9.840000000000000000e+02 4.092700000000000120e-12 9.086000000000000298e+00
9.860000000000000000e+02 3.637999999999999645e-12 1.594500000000000028e+01
9.880000000000000000e+02 2.955899999999999956e-12 8.968799999999999883e+00
9.900000000000000000e+02 2.501099999999999915e-12 1.061700000000000088e+01
9.920000000000000000e+02 2.046399999999999843e-12 1.299200000000000088e+01
9.940000000000000000e+02 1.818999999999999822e-12 9.461000000000000298e+00
9.960000000000000000e+02 1.136899999999999932e-12 0.000000000000000000e+00
9.980000000000000000e+02 1.136899999999999932e-12 0.000000000000000000e+00
1.000000000000000000e+03 1.136899999999999932e-12 8.125099999999999767e+00
1.002000000000000000e+03 6.821200000000000258e-13 2.179700000000000060e+01
1.004000000000000000e+03 9.094999999999999111e-13 0.000000000000000000e+00
1.006000000000000000e+03 6.821200000000000258e-13 2.179700000000000060e+01
1.008000000000000000e+03 4.547499999999999556e-13 0.000000000000000000e+00
1.010000000000000000e+03 4.547499999999999556e-13 0.000000000000000000e+00
1.012000000000000000e+03 1.136899999999999932e-12 8.125099999999999767e+00
1.014000000000000000e+03 9.094999999999999111e-13 1.842999999999999972e+01
1.016000000000000000e+03 9.094999999999999111e-13 9.461000000000000298e+00
1.018000000000000000e+03 6.821200000000000258e-13 0.000000000000000000e+00
1.020000000000000000e+03 4.547499999999999556e-13 4.499199999999999733e+01
1.022000000000000000e+03 4.547499999999999556e-13 4.499199999999999733e+01
1.024000000000000000e+03 4.547499999999999556e-13 1.842999999999999972e+01
1.026000000000000000e+03 4.547499999999999556e-13 -2.656299999999999883e+01
1.028000000000000000e+03 4.547499999999999556e-13 -1.403899999999999970e+01
1.030000000000000000e+03 4.547499999999999556e-13 1.403100000000000058e+01
1.032000000000000000e+03 4.547499999999999556e-13 1.842999999999999972e+01
1.034000000000000000e+03 4.547499999999999556e-13 5.630499999999999972e+01
1.036000000000000000e+03 4.547499999999999556e-13 1.403100000000000058e+01
1.038000000000000000e+03 4.547499999999999556e-13 1.842999999999999972e+01
1.040000000000000000e+03 6.821200000000000258e-13 1.130499999999999972e+01
1.042000000000000000e+03 6.821200000000000258e-13 2.179700000000000060e+01
1.044000000000000000e+03 4.547499999999999556e-13 1.403100000000000058e+01
1.046000000000000000e+03 6.821200000000000258e-13 1.130499999999999972e+01
1.048000000000000000e+03 2.273699999999999945e-13 0.000000000000000000e+00
1.050000000000000000e+03 3.183299999999999977e-12 5.711000000000000298e+00
1.052000000000000000e+03 7.048599999999999672e-12 6.625000000000000000e+00
1.054000000000000000e+03 7.958099999999999381e-12 7.117200000000000415e+00
1.056000000000000000e+03 1.341499999999999969e-11 7.117200000000000415e+00
1.058000000000000000e+03 1.568900000000000070e-11 7.265699999999999825e+00
1.060000000000000000e+03 1.568900000000000070e-11 6.664100000000000357e+00
